    84.84502965225219     
    123.8190494444499     
    126.0048844037293     
    132.7912271846877     
    131.7965126469077     
    134.6489686152508     
    135.4076747614472     
    133.0689927090377     
    117.0069506993540     
    107.2962835743991     
    89.17645745789679     
    84.84502965225219     
    192.4983116611480     
    260.4998797373877     
    489.4787833852503     
    604.5678337057277     
    546.7422606603823     
    127.0785291140152     
    127.3293921143142     
    130.2071650229379     
    132.4268349489817     
    133.4557825882629     
    133.7261962936603     
    129.0801546978534     
    110.8141669036809     
    98.98800598722792     
    89.49978657434052     
    87.54274371246882     
    191.9165752821486     
    279.0139536410867     
    454.4701338836981     
    588.1610685195033     
    534.8224644429729     
    224.6874222098057     
    218.1812392324729     
    97.57823520475708     
    100.8652394026165     
    112.8179417677256     
    145.8340221998080     
    163.4621852201279     
    131.5753807739574     
    306.4856857304919     
    155.0279104195322     
    122.3944214299005     
    120.6455675649299     
    131.4403232753194     
    145.7634439455479     
    158.9275518148820     
    166.7145777254083     
    112.5179588987452     
    129.2166739722299     
    150.8398801160859     
    174.9255880242175     
    354.6637165714144     
    163.7740818555715     
    426.9285673250253     
    125.9615300666785     
    129.5223133148921     
    144.0863301653935     
    0.000000000000000     
    0.000000000000000     
    197.2216267657812     
    285.2248600316133     
    169.1573037451508     
    0.000000000000000     
    131.3956969038204     
    0.000000000000000     
    176.2611895199260     
    193.2161252765831     
    0.000000000000000     
    0.000000000000000     
    187.2184377663911     
    0.000000000000000     
    0.000000000000000     
    0.000000000000000     
    0.000000000000000     
    0.000000000000000     
    0.000000000000000     
    0.000000000000000     
    0.000000000000000     
    0.000000000000000     
    0.000000000000000     
    0.000000000000000     
    0.000000000000000     
    0.000000000000000     
    0.000000000000000     
    0.000000000000000     
    0.000000000000000     
    0.000000000000000     
    0.000000000000000     
    0.000000000000000     
    0.000000000000000     
    0.000000000000000     
    0.000000000000000     
    0.000000000000000     
    0.000000000000000     
    0.000000000000000     
    0.000000000000000     
    0.000000000000000     
    0.000000000000000     
    0.000000000000000     
    0.000000000000000     
    0.000000000000000     
    0.000000000000000     
    0.000000000000000     
    0.000000000000000     
    0.000000000000000     
    0.000000000000000     
    0.000000000000000     
    0.000000000000000     
    0.000000000000000     
    0.000000000000000     
    0.000000000000000     
    0.000000000000000     
    0.000000000000000     
    0.000000000000000     
    0.000000000000000     
    0.000000000000000     
    0.000000000000000     
    0.000000000000000     
    0.000000000000000     
    0.000000000000000     
    0.000000000000000     
