   0.1113621227517217        6.4208250503570111E-002   7.0860412995518901E-002 
   2.3091351629533501E-002   1.8757671848045221E-002   2.2954592623972936E-004 
   5.5244725649618992E-003   1.6887612622344034E-002   2.1091106188580067E-004 
   5.0947345563991300E-003   9.0826900017143932E-004   2.2019494133323858E-005 
   3.9200592516363307E-003   0.1910447798052488        1.6501439080028779E-003 
   4.3974449516117869E-002   5.2135411441940047E-002   7.1374085467487677E-002 
   3.3972096961818622E-003   4.3564683598653958E-003   2.1455781176731206E-002 
   3.1669372640421590E-005   2.2311273947952962E-002   2.5899135147289631E-003 
   2.5398129831815303E-003   5.8004593036716792E-004   1.2764538442348173E-003 
   7.0665088371502506E-004   3.2802073946510651E-003   0.3970285513837710      
    2.837843445148568         1.643491779939985        0.2940268679277052      
   5.1924078648471858E-002   0.3732993808384516        0.1049259238986580      
   6.3369492359078624E-003   0.2160968672539942        8.4586942562955691E-003 
   1.9576575999222554E-002   0.1032671728415671        9.8612276701615931E-002 
   0.1243634426925077        0.2781122184361579        1.1527690612401979E-003 
   8.5139212775435004E-004   2.8677067067304861E-004   3.1349740429188469E-003 
   3.2226506650675737E-002   0.2212336382672180        1.3541287579517940E-002 
   5.2518650057979495E-003   6.0302978203649561E-003   4.1278451356959685E-002 
   0.1968794869245832         1.002123104309934        1.7211705599907989E-002 
   3.9080120749175752E-002   0.1185009037983898         0.000000000000000      
    0.000000000000000        3.2198046286299166E-002   0.1224274705852023      
   5.9389104726079381E-005    0.000000000000000        6.1337621518040869E-002 
    0.000000000000000        2.0338306507089121E-002   4.7102356496098782E-004 
    0.000000000000000         0.000000000000000        0.6914787133401422      
    0.000000000000000         0.000000000000000         0.000000000000000      
    0.000000000000000         0.000000000000000         0.000000000000000      
    0.000000000000000         0.000000000000000         0.000000000000000      
    0.000000000000000         0.000000000000000         0.000000000000000      
    0.000000000000000         0.000000000000000         0.000000000000000      
    0.000000000000000         0.000000000000000         0.000000000000000      
    0.000000000000000         0.000000000000000         0.000000000000000      
    0.000000000000000         0.000000000000000         0.000000000000000      
    0.000000000000000         0.000000000000000         0.000000000000000      
    0.000000000000000         0.000000000000000         0.000000000000000      
    0.000000000000000         0.000000000000000         0.000000000000000      
    0.000000000000000         0.000000000000000         0.000000000000000      
    0.000000000000000         0.000000000000000         0.000000000000000      
    0.000000000000000         0.000000000000000         0.000000000000000      
    0.000000000000000         0.000000000000000         0.000000000000000      
    0.000000000000000         0.000000000000000         0.000000000000000      
    0.000000000000000         0.000000000000000         0.000000000000000     
