&in1
 kffcur = 1 ,
 kppcur = 2 ,
 kersil = 1,
 keqdsk = 1,
 fitdelz = T,
 mxiter = -60,
 fwtfc = 0.0, 0.0, 0.0, 0.0, 0.0, 0.0, 0.0, 0.0, 0.0, 0.0, 0.0, 0.0,
 itek = 5 ,
 pcurbd =  1.000000 ,
 fcurbd =  1.000000 ,
 kcalpa = 0,
 calpa = 0.1, 0.1, 0.1,
 xalpa = 0,
 kcgama = 0,
 cgama = 0.1, 0.1, 0.1,
 xgama = 0,
 btor = -1.7996433287982363 
 saimin = 100.000000 ,
 saicon = 100.000000 ,
 cutip = 50000,
 serror = 0.05,
 error = 0.001,
 errmin = 1.00e-03,
 ierchk = 1 ,
 iplcout = 1,
 fwtcur = 1.000000 ,
 fwtsi = 1.0 , 1.0 , 1.0 , 1.0 , 1.0 , 1.0 , 1.0 , 1.0 , 1.0 , 1.0 ,
        1.0 , 1.0 , 1.0 , 1.0 , 1.0 , 1.0 , 1.0 , 1.0 , 1.0 , 1.0 ,
        1.0 , 1.0 , 1.0 , 1.0 , 1.0 , 1.0 , 1.0 , 1.0 , 1.0 , 1.0 ,
        1.0 , 1.0 , 1.0 , 1.0 , 1.0 , 
 fwtmp2 = 1.0 , 1.0 , 1.0 , 1.0 , 1.0 , 1.0 , 1.0 , 1.0 , 1.0 , 1.0 ,
         1.0 , 1.0 , 1.0 , 1.0 , 1.0 , 1.0 , 1.0 , 1.0 , 1.0 , 1.0 ,
         1.0 , 1.0 , 1.0 , 1.0 , 0.0 , 0.0 , 1.0 , 1.0 , 1.0 , 0.0 ,
         1.0 , 0.0 , 1.0 , 1.0 , 0.0 , 0.0 , 1.0 ,0.0,
 limitr = 60
 xlim =     1.35838, 1.35838, 1.35838, 1.36314, 1.43710,
     1.43721, 1.44164, 1.42970, 1.39169, 1.39151,
     1.37929, 1.39900, 1.43623, 1.45919, 1.47791,
     1.54494, 1.61204, 1.63506, 1.66054, 1.66519,
     1.69550, 1.70668, 1.71388, 1.71400, 1.73649,
     1.76324, 1.80199, 1.80237, 1.93972, 1.97063,
     2.07495, 2.17710, 2.27925, 2.35000, 2.35000,
     2.35000, 2.27925, 2.17710, 2.07495, 1.97280,
     1.97063, 1.92059, 1.87055, 1.82051, 1.79281,
     1.76511, 1.75421, 1.67782, 1.60143, 1.48426,
     1.36709, 1.33132, 1.37874, 1.42615, 1.40528,
     1.38440, 1.36353, 1.35838, 1.35838, 1.35838,
 ylim =     0.00000, 0.227000, 0.454000, 0.455735, 0.798332, 
     0.798821, 0.838195, 0.908908, 1.01426, 1.01473,  
     1.04859, 1.03946, 1.02560, 1.02095, 1.02514,  
     1.05454, 1.08394, 1.09586, 1.11400, 1.11765,  
     1.14183, 1.16211, 1.13093, 1.13044, 1.03300,  
     0.969832, 0.925670, 0.925347, 0.809223, 0.783389, 
     0.688380, 0.589040, 0.489700, 0.490000, 0.00000,  
     -0.490000, -0.489700, -0.589040, -0.688380, -0.787720, 
     -0.783389, -0.832375, -0.881361, -0.930347, -1.05034,  
     -1.17034, -1.13917, -1.03465, -0.930138, -0.953380,  
     -0.976622, -1.01072, -0.879327, -0.747939, -0.650620,  
     -0.553300, -0.455981, -0.454000, -0.227000, 0.00000,
 icinit = 2 ,
 scrape =  3.50000001e-02 ,
 ixstrt = 2 ,
 ifcurr = 0 ,
 relax = 0.5
    brsp = 103415.32164029503, 109298.50373749477, -446099.3508428746, -124889.43559171556,
           23947.57480067977, -289108.03654006706, 306634.2635514108, 294455.3903116871,
           1421667.9491929049, 1365202.2641723675, -562938.3152854644, -521629.95239223883,
           31186.536759593382, 32283.948685651216, 103.75573827110644, 0.0001750674377692788
    coils = 0.15562935472000058, 0.16152603407743643, 0.15872400577677973,
            0.1506123591446576, 0.15174908347978397, 0.1485343720466845,
            0.1477021153729636, 0.1502979739519863, 0.17093001638329527,
            0.18639974595328856, 0.2242744393546096, 0.2357238848518583,
            0.10389701513437537, 0.07677546730602017, 0.04085978939001071,
            0.03308148215132293, 0.03658030746670837, 0.15738299883889856,
            0.157072924545531, 0.15360137820738745, 0.1510267915691343,
            0.14986237098248412, 0.14955932759861323, 0.15494248551851636,
            0.1804823386650905, 0.2020446800653862, 0.22346422003350314,
            0.22845982604439863, 0.1042119471473308, 0.07168100282800645,
            0.044007292248423376, 0.03400429078099854, 0.03739558700255861,
            0.08901254820274121, 0.09166690990644677
    expmp2 = 0.20496373969084625, 0.1982843655401187, 0.17727676721116623,
             0.13714220933026097, 0.12235245707174906, -0.15200412024160817,
             -0.06525590241622896, 0.1290090277671715, 0.16340614029908782,
             0.16577484281995067, 0.15216030744315284, 0.13720861320669192,
             0.12584350398410402, 0.11996551395128467, 0.17774940281309215,
             0.15477878655426633, 0.1325909300949329, 0.11433433053391313,
             -0.056391446504150185, -0.12211944511242953, 0.04684624438536057,
             0.15877863653619387, 0.15441354843143043, 0.13880567280076078,
             0.1206414095810454, 0.13213360816781117, 0.10140875687914207,
             0.07012011504811773, 0.11823314487284348, -2.4813841442444264,
             -0.152211986170595, -2.4288941803373776, -0.11346797360481353,
             -0.10351102927548411, 0.11371652927513104, -3.615568124183796e-05,
             0.10682708518781553, 2.349243711600005
    ishot = 70754
    itime = 7000
    plasma = 498673.64550240606
/
