   0.1164652476413460        4.4962718430731741E-002   3.0197721881636067E-002 
   5.2455824998445547E-002   3.8777473307682613E-003   2.3370931368094068E-003 
   2.1200389541386696E-002   2.9927454823836352E-002   8.2483680571858557E-003 
   1.4326948549034095E-002   3.0810934406468528E-003   8.4926348176547952E-003 
   4.8339481588437769E-003   8.3102302213186777E-002   1.4506034849227139E-002 
   1.3166439634888080E-003   2.3152620013915905E-002   7.1299726875298119E-002 
   1.3194663779200836E-005   1.8622115119569568E-002   3.4870173021729323E-003 
   1.9594888227253648E-002   3.3877021961550168E-004   4.2573793067704965E-002 
   5.3982779677007348E-002   1.9662473858175725E-002   1.2114824354488006E-002 
   3.1484460619724465E-002   7.1313003978303357E-003   0.1646089077737795      
   0.5363440668272039        0.1716699686002260        2.7618614333531574E-002 
   2.5930909793694720E-003   0.1678852927166435        8.1389003319195838E-002 
   5.7886208878345242E-003   0.3976180460873496        0.1171524576976790      
   6.1785165845792403E-003   0.1293718897033442        2.8337389520556823E-003 
   4.5513588630699889E-002   0.2636261652474492        9.1596218285124060E-003 
   1.2359784910567119E-002   3.2801106748377239E-002   2.8522783735541980E-004 
   5.2536324314760401E-002   0.1966716720827592        0.1349601474732183      
   7.6531447907692035E-002   1.1079727689410903E-002   0.2265548345348564      
   3.1457114632678661E-002   0.8988183660185700        0.1441968118481038      
   3.5178947584221409E-002   2.6546576017705777E-003    0.000000000000000      
    0.000000000000000        5.6282705483014827E-003   0.1493384329228197      
   2.2563268150153210E-004    0.000000000000000        9.4205003927316747E-002 
    0.000000000000000        2.2837162853182904E-002   3.8041733222566572E-003 
    0.000000000000000         0.000000000000000        0.5673171789322697      
    0.000000000000000         0.000000000000000         0.000000000000000      
    0.000000000000000         0.000000000000000         0.000000000000000      
    0.000000000000000         0.000000000000000         0.000000000000000      
    0.000000000000000         0.000000000000000         0.000000000000000      
    0.000000000000000         0.000000000000000         0.000000000000000      
    0.000000000000000         0.000000000000000         0.000000000000000      
    0.000000000000000         0.000000000000000         0.000000000000000      
    0.000000000000000         0.000000000000000         0.000000000000000      
    0.000000000000000         0.000000000000000         0.000000000000000      
    0.000000000000000         0.000000000000000         0.000000000000000      
    0.000000000000000         0.000000000000000         0.000000000000000      
    0.000000000000000         0.000000000000000         0.000000000000000      
    0.000000000000000         0.000000000000000         0.000000000000000      
    0.000000000000000         0.000000000000000         0.000000000000000      
    0.000000000000000         0.000000000000000         0.000000000000000      
    0.000000000000000         0.000000000000000         0.000000000000000      
    0.000000000000000         0.000000000000000         0.000000000000000     
