 vcurrt=    0.000000000000000         0.000000000000000      
    0.000000000000000         0.000000000000000         0.000000000000000      
    0.000000000000000         0.000000000000000         0.000000000000000      
    0.000000000000000         0.000000000000000         0.000000000000000      
    0.000000000000000         0.000000000000000         0.000000000000000      
    0.000000000000000         0.000000000000000         0.000000000000000      
    0.000000000000000         0.000000000000000         0.000000000000000      
    0.000000000000000         0.000000000000000         0.000000000000000      
    0.000000000000000         0.000000000000000         0.000000000000000      
    0.000000000000000         0.000000000000000         0.000000000000000      
    0.000000000000000         0.000000000000000         0.000000000000000      
    0.000000000000000         0.000000000000000         0.000000000000000      
    0.000000000000000         0.000000000000000         0.000000000000000      
    0.000000000000000         0.000000000000000     
 plasma current=    499364.8749999994         63073.06425986333      
    252729.3801546590        -388071.4049610883         2067189.464080217      
   -511375.2702829431         35781.47534303239         1237.701496463538      
    357076.5949231196        -344681.0797830208         1968511.611184398      
   -525903.9000205087         47075.81894581605     
 vcurrt=    0.000000000000000         0.000000000000000      
    0.000000000000000         0.000000000000000         0.000000000000000      
    0.000000000000000         0.000000000000000         0.000000000000000      
    0.000000000000000         0.000000000000000         0.000000000000000      
    0.000000000000000         0.000000000000000         0.000000000000000      
    0.000000000000000         0.000000000000000         0.000000000000000      
    0.000000000000000         0.000000000000000         0.000000000000000      
    0.000000000000000         0.000000000000000         0.000000000000000      
    0.000000000000000         0.000000000000000         0.000000000000000      
    0.000000000000000         0.000000000000000         0.000000000000000      
    0.000000000000000         0.000000000000000         0.000000000000000      
    0.000000000000000         0.000000000000000         0.000000000000000      
    0.000000000000000         0.000000000000000         0.000000000000000      
    0.000000000000000         0.000000000000000         0.000000000000000     
 nniter=            1            8    8.614238281941933      
    0.000000000000000         100.0000000000000        1.0000000000000000E-003 
    0.000000000000000        1.0000000000000000E-003
 vcurrt=    0.000000000000000         0.000000000000000      
    0.000000000000000         0.000000000000000         0.000000000000000      
    0.000000000000000         0.000000000000000         0.000000000000000      
    0.000000000000000         0.000000000000000         0.000000000000000      
    0.000000000000000         0.000000000000000         0.000000000000000      
    0.000000000000000         0.000000000000000         0.000000000000000      
    0.000000000000000         0.000000000000000         0.000000000000000      
    0.000000000000000         0.000000000000000         0.000000000000000      
    0.000000000000000         0.000000000000000         0.000000000000000      
    0.000000000000000         0.000000000000000         0.000000000000000      
    0.000000000000000         0.000000000000000         0.000000000000000      
    0.000000000000000         0.000000000000000         0.000000000000000      
    0.000000000000000         0.000000000000000         0.000000000000000      
    0.000000000000000         0.000000000000000         0.000000000000000     
 nniter=            2            8    7.778748820152557      
    8.614238281941933         100.0000000000000        1.0000000000000000E-003 
    0.000000000000000        1.0000000000000000E-003
 vcurrt=    0.000000000000000         0.000000000000000      
    0.000000000000000         0.000000000000000         0.000000000000000      
    0.000000000000000         0.000000000000000         0.000000000000000      
    0.000000000000000         0.000000000000000         0.000000000000000      
    0.000000000000000         0.000000000000000         0.000000000000000      
    0.000000000000000         0.000000000000000         0.000000000000000      
    0.000000000000000         0.000000000000000         0.000000000000000      
    0.000000000000000         0.000000000000000         0.000000000000000      
    0.000000000000000         0.000000000000000         0.000000000000000      
    0.000000000000000         0.000000000000000         0.000000000000000      
    0.000000000000000         0.000000000000000         0.000000000000000      
    0.000000000000000         0.000000000000000         0.000000000000000      
    0.000000000000000         0.000000000000000         0.000000000000000      
    0.000000000000000         0.000000000000000         0.000000000000000     
 nniter=            3            8    7.580183399710910      
    7.778748820152557         100.0000000000000        1.0000000000000000E-003 
    0.000000000000000        1.0000000000000000E-003
 vcurrt=    0.000000000000000         0.000000000000000      
    0.000000000000000         0.000000000000000         0.000000000000000      
    0.000000000000000         0.000000000000000         0.000000000000000      
    0.000000000000000         0.000000000000000         0.000000000000000      
    0.000000000000000         0.000000000000000         0.000000000000000      
    0.000000000000000         0.000000000000000         0.000000000000000      
    0.000000000000000         0.000000000000000         0.000000000000000      
    0.000000000000000         0.000000000000000         0.000000000000000      
    0.000000000000000         0.000000000000000         0.000000000000000      
    0.000000000000000         0.000000000000000         0.000000000000000      
    0.000000000000000         0.000000000000000         0.000000000000000      
    0.000000000000000         0.000000000000000         0.000000000000000      
    0.000000000000000         0.000000000000000         0.000000000000000      
    0.000000000000000         0.000000000000000         0.000000000000000     
 nniter=            4            8    7.966504206381074      
    7.580183399710910         100.0000000000000        1.0000000000000000E-003 
    0.000000000000000        1.0000000000000000E-003
 vcurrt=    0.000000000000000         0.000000000000000      
    0.000000000000000         0.000000000000000         0.000000000000000      
    0.000000000000000         0.000000000000000         0.000000000000000      
    0.000000000000000         0.000000000000000         0.000000000000000      
    0.000000000000000         0.000000000000000         0.000000000000000      
    0.000000000000000         0.000000000000000         0.000000000000000      
    0.000000000000000         0.000000000000000         0.000000000000000      
    0.000000000000000         0.000000000000000         0.000000000000000      
    0.000000000000000         0.000000000000000         0.000000000000000      
    0.000000000000000         0.000000000000000         0.000000000000000      
    0.000000000000000         0.000000000000000         0.000000000000000      
    0.000000000000000         0.000000000000000         0.000000000000000      
    0.000000000000000         0.000000000000000         0.000000000000000      
    0.000000000000000         0.000000000000000         0.000000000000000     
 nniter=            5            8    6.506369091967184      
    7.966504206381074         100.0000000000000        1.0000000000000000E-003 
    0.000000000000000        1.0000000000000000E-003
 vcurrt=    0.000000000000000         0.000000000000000      
    0.000000000000000         0.000000000000000         0.000000000000000      
    0.000000000000000         0.000000000000000         0.000000000000000      
    0.000000000000000         0.000000000000000         0.000000000000000      
    0.000000000000000         0.000000000000000         0.000000000000000      
    0.000000000000000         0.000000000000000         0.000000000000000      
    0.000000000000000         0.000000000000000         0.000000000000000      
    0.000000000000000         0.000000000000000         0.000000000000000      
    0.000000000000000         0.000000000000000         0.000000000000000      
    0.000000000000000         0.000000000000000         0.000000000000000      
    0.000000000000000         0.000000000000000         0.000000000000000      
    0.000000000000000         0.000000000000000         0.000000000000000      
    0.000000000000000         0.000000000000000         0.000000000000000      
    0.000000000000000         0.000000000000000         0.000000000000000     
 nniter=            6            8    6.166257722603547      
    6.506369091967184         100.0000000000000        1.0000000000000000E-003 
    0.000000000000000        1.0000000000000000E-003
 vcurrt=    0.000000000000000         0.000000000000000      
    0.000000000000000         0.000000000000000         0.000000000000000      
    0.000000000000000         0.000000000000000         0.000000000000000      
    0.000000000000000         0.000000000000000         0.000000000000000      
    0.000000000000000         0.000000000000000         0.000000000000000      
    0.000000000000000         0.000000000000000         0.000000000000000      
    0.000000000000000         0.000000000000000         0.000000000000000      
    0.000000000000000         0.000000000000000         0.000000000000000      
    0.000000000000000         0.000000000000000         0.000000000000000      
    0.000000000000000         0.000000000000000         0.000000000000000      
    0.000000000000000         0.000000000000000         0.000000000000000      
    0.000000000000000         0.000000000000000         0.000000000000000      
    0.000000000000000         0.000000000000000         0.000000000000000      
    0.000000000000000         0.000000000000000         0.000000000000000     
 nniter=            7            8    6.249183034137963      
    6.166257722603547         100.0000000000000        1.0000000000000000E-003 
    0.000000000000000        1.0000000000000000E-003
 vcurrt=    0.000000000000000         0.000000000000000      
    0.000000000000000         0.000000000000000         0.000000000000000      
    0.000000000000000         0.000000000000000         0.000000000000000      
    0.000000000000000         0.000000000000000         0.000000000000000      
    0.000000000000000         0.000000000000000         0.000000000000000      
    0.000000000000000         0.000000000000000         0.000000000000000      
    0.000000000000000         0.000000000000000         0.000000000000000      
    0.000000000000000         0.000000000000000         0.000000000000000      
    0.000000000000000         0.000000000000000         0.000000000000000      
    0.000000000000000         0.000000000000000         0.000000000000000      
    0.000000000000000         0.000000000000000         0.000000000000000      
    0.000000000000000         0.000000000000000         0.000000000000000      
    0.000000000000000         0.000000000000000         0.000000000000000      
    0.000000000000000         0.000000000000000         0.000000000000000     
 nniter=            8            8    6.451162279319737      
    6.249183034137963         100.0000000000000        1.0000000000000000E-003 
    0.000000000000000        1.0000000000000000E-003
 vcurrt=    0.000000000000000         0.000000000000000      
    0.000000000000000         0.000000000000000         0.000000000000000      
    0.000000000000000         0.000000000000000         0.000000000000000      
    0.000000000000000         0.000000000000000         0.000000000000000      
    0.000000000000000         0.000000000000000         0.000000000000000      
    0.000000000000000         0.000000000000000         0.000000000000000      
    0.000000000000000         0.000000000000000         0.000000000000000      
    0.000000000000000         0.000000000000000         0.000000000000000      
    0.000000000000000         0.000000000000000         0.000000000000000      
    0.000000000000000         0.000000000000000         0.000000000000000      
    0.000000000000000         0.000000000000000         0.000000000000000      
    0.000000000000000         0.000000000000000         0.000000000000000      
    0.000000000000000         0.000000000000000         0.000000000000000      
    0.000000000000000         0.000000000000000         0.000000000000000     
 nniter=            9            8    6.662899330399865      
    6.451162279319737         100.0000000000000        1.0000000000000000E-003 
    0.000000000000000        1.0000000000000000E-003
 vcurrt=    0.000000000000000         0.000000000000000      
    0.000000000000000         0.000000000000000         0.000000000000000      
    0.000000000000000         0.000000000000000         0.000000000000000      
    0.000000000000000         0.000000000000000         0.000000000000000      
    0.000000000000000         0.000000000000000         0.000000000000000      
    0.000000000000000         0.000000000000000         0.000000000000000      
    0.000000000000000         0.000000000000000         0.000000000000000      
    0.000000000000000         0.000000000000000         0.000000000000000      
    0.000000000000000         0.000000000000000         0.000000000000000      
    0.000000000000000         0.000000000000000         0.000000000000000      
    0.000000000000000         0.000000000000000         0.000000000000000      
    0.000000000000000         0.000000000000000         0.000000000000000      
    0.000000000000000         0.000000000000000         0.000000000000000      
    0.000000000000000         0.000000000000000         0.000000000000000     
 nniter=           10            8    6.844271940353311      
    6.662899330399865         100.0000000000000        1.0000000000000000E-003 
    0.000000000000000        1.0000000000000000E-003
 vcurrt=    0.000000000000000         0.000000000000000      
    0.000000000000000         0.000000000000000         0.000000000000000      
    0.000000000000000         0.000000000000000         0.000000000000000      
    0.000000000000000         0.000000000000000         0.000000000000000      
    0.000000000000000         0.000000000000000         0.000000000000000      
    0.000000000000000         0.000000000000000         0.000000000000000      
    0.000000000000000         0.000000000000000         0.000000000000000      
    0.000000000000000         0.000000000000000         0.000000000000000      
    0.000000000000000         0.000000000000000         0.000000000000000      
    0.000000000000000         0.000000000000000         0.000000000000000      
    0.000000000000000         0.000000000000000         0.000000000000000      
    0.000000000000000         0.000000000000000         0.000000000000000      
    0.000000000000000         0.000000000000000         0.000000000000000      
    0.000000000000000         0.000000000000000         0.000000000000000     
 nniter=           11            8    6.976844039481362      
    6.844271940353311         100.0000000000000        1.0000000000000000E-003 
    0.000000000000000        1.0000000000000000E-003
 vcurrt=    0.000000000000000         0.000000000000000      
    0.000000000000000         0.000000000000000         0.000000000000000      
    0.000000000000000         0.000000000000000         0.000000000000000      
    0.000000000000000         0.000000000000000         0.000000000000000      
    0.000000000000000         0.000000000000000         0.000000000000000      
    0.000000000000000         0.000000000000000         0.000000000000000      
    0.000000000000000         0.000000000000000         0.000000000000000      
    0.000000000000000         0.000000000000000         0.000000000000000      
    0.000000000000000         0.000000000000000         0.000000000000000      
    0.000000000000000         0.000000000000000         0.000000000000000      
    0.000000000000000         0.000000000000000         0.000000000000000      
    0.000000000000000         0.000000000000000         0.000000000000000      
    0.000000000000000         0.000000000000000         0.000000000000000      
    0.000000000000000         0.000000000000000         0.000000000000000     
 nniter=           12            8    7.078535586487653      
    6.976844039481362         100.0000000000000        1.0000000000000000E-003 
    0.000000000000000        1.0000000000000000E-003
 vcurrt=    0.000000000000000         0.000000000000000      
    0.000000000000000         0.000000000000000         0.000000000000000      
    0.000000000000000         0.000000000000000         0.000000000000000      
    0.000000000000000         0.000000000000000         0.000000000000000      
    0.000000000000000         0.000000000000000         0.000000000000000      
    0.000000000000000         0.000000000000000         0.000000000000000      
    0.000000000000000         0.000000000000000         0.000000000000000      
    0.000000000000000         0.000000000000000         0.000000000000000      
    0.000000000000000         0.000000000000000         0.000000000000000      
    0.000000000000000         0.000000000000000         0.000000000000000      
    0.000000000000000         0.000000000000000         0.000000000000000      
    0.000000000000000         0.000000000000000         0.000000000000000      
    0.000000000000000         0.000000000000000         0.000000000000000      
    0.000000000000000         0.000000000000000         0.000000000000000     
 nniter=           13            8    7.155851642279817      
    7.078535586487653         100.0000000000000        1.0000000000000000E-003 
    0.000000000000000        1.0000000000000000E-003
 vcurrt=    0.000000000000000         0.000000000000000      
    0.000000000000000         0.000000000000000         0.000000000000000      
    0.000000000000000         0.000000000000000         0.000000000000000      
    0.000000000000000         0.000000000000000         0.000000000000000      
    0.000000000000000         0.000000000000000         0.000000000000000      
    0.000000000000000         0.000000000000000         0.000000000000000      
    0.000000000000000         0.000000000000000         0.000000000000000      
    0.000000000000000         0.000000000000000         0.000000000000000      
    0.000000000000000         0.000000000000000         0.000000000000000      
    0.000000000000000         0.000000000000000         0.000000000000000      
    0.000000000000000         0.000000000000000         0.000000000000000      
    0.000000000000000         0.000000000000000         0.000000000000000      
    0.000000000000000         0.000000000000000         0.000000000000000      
    0.000000000000000         0.000000000000000         0.000000000000000     
 nniter=           14            8    7.212872382740687      
    7.155851642279817         100.0000000000000        1.0000000000000000E-003 
    0.000000000000000        1.0000000000000000E-003
 vcurrt=    0.000000000000000         0.000000000000000      
    0.000000000000000         0.000000000000000         0.000000000000000      
    0.000000000000000         0.000000000000000         0.000000000000000      
    0.000000000000000         0.000000000000000         0.000000000000000      
    0.000000000000000         0.000000000000000         0.000000000000000      
    0.000000000000000         0.000000000000000         0.000000000000000      
    0.000000000000000         0.000000000000000         0.000000000000000      
    0.000000000000000         0.000000000000000         0.000000000000000      
    0.000000000000000         0.000000000000000         0.000000000000000      
    0.000000000000000         0.000000000000000         0.000000000000000      
    0.000000000000000         0.000000000000000         0.000000000000000      
    0.000000000000000         0.000000000000000         0.000000000000000      
    0.000000000000000         0.000000000000000         0.000000000000000      
    0.000000000000000         0.000000000000000         0.000000000000000     
 nniter=           15            8    7.252224667486823      
    7.212872382740687         100.0000000000000        1.0000000000000000E-003 
    0.000000000000000        1.0000000000000000E-003
 vcurrt=    0.000000000000000         0.000000000000000      
    0.000000000000000         0.000000000000000         0.000000000000000      
    0.000000000000000         0.000000000000000         0.000000000000000      
    0.000000000000000         0.000000000000000         0.000000000000000      
    0.000000000000000         0.000000000000000         0.000000000000000      
    0.000000000000000         0.000000000000000         0.000000000000000      
    0.000000000000000         0.000000000000000         0.000000000000000      
    0.000000000000000         0.000000000000000         0.000000000000000      
    0.000000000000000         0.000000000000000         0.000000000000000      
    0.000000000000000         0.000000000000000         0.000000000000000      
    0.000000000000000         0.000000000000000         0.000000000000000      
    0.000000000000000         0.000000000000000         0.000000000000000      
    0.000000000000000         0.000000000000000         0.000000000000000      
    0.000000000000000         0.000000000000000         0.000000000000000     
 nniter=           16            8    7.281478229414090      
    7.252224667486823         100.0000000000000        1.0000000000000000E-003 
    0.000000000000000        1.0000000000000000E-003
 vcurrt=    0.000000000000000         0.000000000000000      
    0.000000000000000         0.000000000000000         0.000000000000000      
    0.000000000000000         0.000000000000000         0.000000000000000      
    0.000000000000000         0.000000000000000         0.000000000000000      
    0.000000000000000         0.000000000000000         0.000000000000000      
    0.000000000000000         0.000000000000000         0.000000000000000      
    0.000000000000000         0.000000000000000         0.000000000000000      
    0.000000000000000         0.000000000000000         0.000000000000000      
    0.000000000000000         0.000000000000000         0.000000000000000      
    0.000000000000000         0.000000000000000         0.000000000000000      
    0.000000000000000         0.000000000000000         0.000000000000000      
    0.000000000000000         0.000000000000000         0.000000000000000      
    0.000000000000000         0.000000000000000         0.000000000000000      
    0.000000000000000         0.000000000000000         0.000000000000000     
 nniter=           17            8    7.303935474393838      
    7.281478229414090         100.0000000000000        1.0000000000000000E-003 
    0.000000000000000        1.0000000000000000E-003
 vcurrt=    0.000000000000000         0.000000000000000      
    0.000000000000000         0.000000000000000         0.000000000000000      
    0.000000000000000         0.000000000000000         0.000000000000000      
    0.000000000000000         0.000000000000000         0.000000000000000      
    0.000000000000000         0.000000000000000         0.000000000000000      
    0.000000000000000         0.000000000000000         0.000000000000000      
    0.000000000000000         0.000000000000000         0.000000000000000      
    0.000000000000000         0.000000000000000         0.000000000000000      
    0.000000000000000         0.000000000000000         0.000000000000000      
    0.000000000000000         0.000000000000000         0.000000000000000      
    0.000000000000000         0.000000000000000         0.000000000000000      
    0.000000000000000         0.000000000000000         0.000000000000000      
    0.000000000000000         0.000000000000000         0.000000000000000      
    0.000000000000000         0.000000000000000         0.000000000000000     
 nniter=           18            8    7.323254692921361      
    7.303935474393838         100.0000000000000        1.0000000000000000E-003 
    0.000000000000000        1.0000000000000000E-003
 plasma current=    466319.2280995754         382894.1360899202      
   -258583.8950538528         90724.09750173046         1934846.278396393      
   -522926.5132120347         34469.26044470363         366950.0971883423      
   -16503.22512347848        -162991.0667444846         1957962.337263253      
   -566160.7487172291         78165.41519016457     
