    60.45017494706643     
    76.35772347823504     
    77.39681749054535     
    80.72591744423951     
    79.99237297425718     
    81.56612643037811     
    82.65189338525077     
    82.10640215486575     
    76.21140990166472     
    72.00990531890015     
    63.03684322586653     
    60.45017494706643     
    96.14320967198312     
    111.2810729777507     
    136.4060592617559     
    143.7951526443359     
    140.0308704318039     
    78.22932889088240     
    78.05428511240898     
    79.21438826309232     
    80.41522556875593     
    80.80372433476568     
    81.98245866172009     
    80.00805517236904     
    72.51937845087664     
    66.97762570005803     
    61.98344777340284     
    60.48113306847176     
    98.37273810059926     
    116.7953386909073     
    138.4604585590085     
    149.1131832284637     
    143.7951722593573     
    106.0230992934817     
    102.7555169629550     
    104.8101406581832     
    106.0906049021613     
    113.8378596423792     
    133.8950810232583     
    145.1176919863231     
    129.4079327769270     
    285.3939649488091     
    160.0555708229568     
    124.1238292562839     
    124.2774922077564     
    137.0775634995344     
    153.7178520733250     
    167.0836500490603     
    174.0542116333777     
    116.6571722125248     
    125.9782940474389     
    138.8742367064623     
    153.2121770013009     
    412.5167165148171     
    152.9788560311470     
    411.2597294547246     
    124.8153850445910     
    129.8291521196453     
    145.8313898959801     
    0.000000000000000     
    0.000000000000000     
    204.3243572396776     
    285.3782484597563     
    150.4723535162381     
    0.000000000000000     
    129.2470045281514     
    0.000000000000000     
    162.6913892591319     
    191.0015541374480     
    0.000000000000000     
    0.000000000000000     
    181.5814275664268     
    0.000000000000000     
    0.000000000000000     
    0.000000000000000     
    0.000000000000000     
    0.000000000000000     
    0.000000000000000     
    0.000000000000000     
    0.000000000000000     
    0.000000000000000     
    0.000000000000000     
    0.000000000000000     
    0.000000000000000     
    0.000000000000000     
    0.000000000000000     
    0.000000000000000     
    0.000000000000000     
    0.000000000000000     
    0.000000000000000     
    0.000000000000000     
    0.000000000000000     
    0.000000000000000     
    0.000000000000000     
    0.000000000000000     
    0.000000000000000     
    0.000000000000000     
    0.000000000000000     
    0.000000000000000     
    0.000000000000000     
    0.000000000000000     
    0.000000000000000     
    0.000000000000000     
    0.000000000000000     
    0.000000000000000     
    0.000000000000000     
    0.000000000000000     
    0.000000000000000     
    0.000000000000000     
    0.000000000000000     
    0.000000000000000     
    0.000000000000000     
    0.000000000000000     
    0.000000000000000     
    0.000000000000000     
    0.000000000000000     
    0.000000000000000     
    0.000000000000000     
    0.000000000000000     
    0.000000000000000     
    0.000000000000000     
    0.000000000000000     
    0.000000000000000     
