 vcurrt=    0.000000000000000         0.000000000000000      
    0.000000000000000         0.000000000000000         0.000000000000000      
    0.000000000000000         0.000000000000000         0.000000000000000      
    0.000000000000000         0.000000000000000         0.000000000000000      
    0.000000000000000         0.000000000000000         0.000000000000000      
    0.000000000000000         0.000000000000000         0.000000000000000      
    0.000000000000000         0.000000000000000         0.000000000000000      
    0.000000000000000         0.000000000000000         0.000000000000000      
    0.000000000000000         0.000000000000000         0.000000000000000      
    0.000000000000000         0.000000000000000         0.000000000000000      
    0.000000000000000         0.000000000000000         0.000000000000000      
    0.000000000000000         0.000000000000000         0.000000000000000      
    0.000000000000000         0.000000000000000         0.000000000000000      
    0.000000000000000         0.000000000000000     
 plasma current=    499350.7390253979         62143.93711473521      
    251333.4427798274        -383157.8471525536         2064490.819110608      
   -510746.6535492375         35518.25615706116         2253.711228270309      
    357296.8789926600        -346311.2167989735         1969261.444853952      
   -526075.4289744853         47151.64793895911     
 vcurrt=    0.000000000000000         0.000000000000000      
    0.000000000000000         0.000000000000000         0.000000000000000      
    0.000000000000000         0.000000000000000         0.000000000000000      
    0.000000000000000         0.000000000000000         0.000000000000000      
    0.000000000000000         0.000000000000000         0.000000000000000      
    0.000000000000000         0.000000000000000         0.000000000000000      
    0.000000000000000         0.000000000000000         0.000000000000000      
    0.000000000000000         0.000000000000000         0.000000000000000      
    0.000000000000000         0.000000000000000         0.000000000000000      
    0.000000000000000         0.000000000000000         0.000000000000000      
    0.000000000000000         0.000000000000000         0.000000000000000      
    0.000000000000000         0.000000000000000         0.000000000000000      
    0.000000000000000         0.000000000000000         0.000000000000000      
    0.000000000000000         0.000000000000000         0.000000000000000     
 nniter=            1            8    8.723171789739148      
    0.000000000000000         100.0000000000000        1.0000000000000000E-003 
    0.000000000000000        1.0000000000000000E-003
 vcurrt=    0.000000000000000         0.000000000000000      
    0.000000000000000         0.000000000000000         0.000000000000000      
    0.000000000000000         0.000000000000000         0.000000000000000      
    0.000000000000000         0.000000000000000         0.000000000000000      
    0.000000000000000         0.000000000000000         0.000000000000000      
    0.000000000000000         0.000000000000000         0.000000000000000      
    0.000000000000000         0.000000000000000         0.000000000000000      
    0.000000000000000         0.000000000000000         0.000000000000000      
    0.000000000000000         0.000000000000000         0.000000000000000      
    0.000000000000000         0.000000000000000         0.000000000000000      
    0.000000000000000         0.000000000000000         0.000000000000000      
    0.000000000000000         0.000000000000000         0.000000000000000      
    0.000000000000000         0.000000000000000         0.000000000000000      
    0.000000000000000         0.000000000000000         0.000000000000000     
 nniter=            2            8    7.873944252076087      
    8.723171789739148         100.0000000000000        1.0000000000000000E-003 
    0.000000000000000        1.0000000000000000E-003
 vcurrt=    0.000000000000000         0.000000000000000      
    0.000000000000000         0.000000000000000         0.000000000000000      
    0.000000000000000         0.000000000000000         0.000000000000000      
    0.000000000000000         0.000000000000000         0.000000000000000      
    0.000000000000000         0.000000000000000         0.000000000000000      
    0.000000000000000         0.000000000000000         0.000000000000000      
    0.000000000000000         0.000000000000000         0.000000000000000      
    0.000000000000000         0.000000000000000         0.000000000000000      
    0.000000000000000         0.000000000000000         0.000000000000000      
    0.000000000000000         0.000000000000000         0.000000000000000      
    0.000000000000000         0.000000000000000         0.000000000000000      
    0.000000000000000         0.000000000000000         0.000000000000000      
    0.000000000000000         0.000000000000000         0.000000000000000      
    0.000000000000000         0.000000000000000         0.000000000000000     
 nniter=            3            8    7.670850000862647      
    7.873944252076087         100.0000000000000        1.0000000000000000E-003 
    0.000000000000000        1.0000000000000000E-003
 vcurrt=    0.000000000000000         0.000000000000000      
    0.000000000000000         0.000000000000000         0.000000000000000      
    0.000000000000000         0.000000000000000         0.000000000000000      
    0.000000000000000         0.000000000000000         0.000000000000000      
    0.000000000000000         0.000000000000000         0.000000000000000      
    0.000000000000000         0.000000000000000         0.000000000000000      
    0.000000000000000         0.000000000000000         0.000000000000000      
    0.000000000000000         0.000000000000000         0.000000000000000      
    0.000000000000000         0.000000000000000         0.000000000000000      
    0.000000000000000         0.000000000000000         0.000000000000000      
    0.000000000000000         0.000000000000000         0.000000000000000      
    0.000000000000000         0.000000000000000         0.000000000000000      
    0.000000000000000         0.000000000000000         0.000000000000000      
    0.000000000000000         0.000000000000000         0.000000000000000     
 nniter=            4            8    8.059127989216568      
    7.670850000862647         100.0000000000000        1.0000000000000000E-003 
    0.000000000000000        1.0000000000000000E-003
 vcurrt=    0.000000000000000         0.000000000000000      
    0.000000000000000         0.000000000000000         0.000000000000000      
    0.000000000000000         0.000000000000000         0.000000000000000      
    0.000000000000000         0.000000000000000         0.000000000000000      
    0.000000000000000         0.000000000000000         0.000000000000000      
    0.000000000000000         0.000000000000000         0.000000000000000      
    0.000000000000000         0.000000000000000         0.000000000000000      
    0.000000000000000         0.000000000000000         0.000000000000000      
    0.000000000000000         0.000000000000000         0.000000000000000      
    0.000000000000000         0.000000000000000         0.000000000000000      
    0.000000000000000         0.000000000000000         0.000000000000000      
    0.000000000000000         0.000000000000000         0.000000000000000      
    0.000000000000000         0.000000000000000         0.000000000000000      
    0.000000000000000         0.000000000000000         0.000000000000000     
 nniter=            5            8    6.581130350496737      
    8.059127989216568         100.0000000000000        1.0000000000000000E-003 
    0.000000000000000        1.0000000000000000E-003
 vcurrt=    0.000000000000000         0.000000000000000      
    0.000000000000000         0.000000000000000         0.000000000000000      
    0.000000000000000         0.000000000000000         0.000000000000000      
    0.000000000000000         0.000000000000000         0.000000000000000      
    0.000000000000000         0.000000000000000         0.000000000000000      
    0.000000000000000         0.000000000000000         0.000000000000000      
    0.000000000000000         0.000000000000000         0.000000000000000      
    0.000000000000000         0.000000000000000         0.000000000000000      
    0.000000000000000         0.000000000000000         0.000000000000000      
    0.000000000000000         0.000000000000000         0.000000000000000      
    0.000000000000000         0.000000000000000         0.000000000000000      
    0.000000000000000         0.000000000000000         0.000000000000000      
    0.000000000000000         0.000000000000000         0.000000000000000      
    0.000000000000000         0.000000000000000         0.000000000000000     
 nniter=            6            8    6.238708672028162      
    6.581130350496737         100.0000000000000        1.0000000000000000E-003 
    0.000000000000000        1.0000000000000000E-003
 vcurrt=    0.000000000000000         0.000000000000000      
    0.000000000000000         0.000000000000000         0.000000000000000      
    0.000000000000000         0.000000000000000         0.000000000000000      
    0.000000000000000         0.000000000000000         0.000000000000000      
    0.000000000000000         0.000000000000000         0.000000000000000      
    0.000000000000000         0.000000000000000         0.000000000000000      
    0.000000000000000         0.000000000000000         0.000000000000000      
    0.000000000000000         0.000000000000000         0.000000000000000      
    0.000000000000000         0.000000000000000         0.000000000000000      
    0.000000000000000         0.000000000000000         0.000000000000000      
    0.000000000000000         0.000000000000000         0.000000000000000      
    0.000000000000000         0.000000000000000         0.000000000000000      
    0.000000000000000         0.000000000000000         0.000000000000000      
    0.000000000000000         0.000000000000000         0.000000000000000     
 nniter=            7            8    6.324980645245643      
    6.238708672028162         100.0000000000000        1.0000000000000000E-003 
    0.000000000000000        1.0000000000000000E-003
 vcurrt=    0.000000000000000         0.000000000000000      
    0.000000000000000         0.000000000000000         0.000000000000000      
    0.000000000000000         0.000000000000000         0.000000000000000      
    0.000000000000000         0.000000000000000         0.000000000000000      
    0.000000000000000         0.000000000000000         0.000000000000000      
    0.000000000000000         0.000000000000000         0.000000000000000      
    0.000000000000000         0.000000000000000         0.000000000000000      
    0.000000000000000         0.000000000000000         0.000000000000000      
    0.000000000000000         0.000000000000000         0.000000000000000      
    0.000000000000000         0.000000000000000         0.000000000000000      
    0.000000000000000         0.000000000000000         0.000000000000000      
    0.000000000000000         0.000000000000000         0.000000000000000      
    0.000000000000000         0.000000000000000         0.000000000000000      
    0.000000000000000         0.000000000000000         0.000000000000000     
 nniter=            8            8    6.531586209845378      
    6.324980645245643         100.0000000000000        1.0000000000000000E-003 
    0.000000000000000        1.0000000000000000E-003
 vcurrt=    0.000000000000000         0.000000000000000      
    0.000000000000000         0.000000000000000         0.000000000000000      
    0.000000000000000         0.000000000000000         0.000000000000000      
    0.000000000000000         0.000000000000000         0.000000000000000      
    0.000000000000000         0.000000000000000         0.000000000000000      
    0.000000000000000         0.000000000000000         0.000000000000000      
    0.000000000000000         0.000000000000000         0.000000000000000      
    0.000000000000000         0.000000000000000         0.000000000000000      
    0.000000000000000         0.000000000000000         0.000000000000000      
    0.000000000000000         0.000000000000000         0.000000000000000      
    0.000000000000000         0.000000000000000         0.000000000000000      
    0.000000000000000         0.000000000000000         0.000000000000000      
    0.000000000000000         0.000000000000000         0.000000000000000      
    0.000000000000000         0.000000000000000         0.000000000000000     
 nniter=            9            8    6.748534003633651      
    6.531586209845378         100.0000000000000        1.0000000000000000E-003 
    0.000000000000000        1.0000000000000000E-003
 vcurrt=    0.000000000000000         0.000000000000000      
    0.000000000000000         0.000000000000000         0.000000000000000      
    0.000000000000000         0.000000000000000         0.000000000000000      
    0.000000000000000         0.000000000000000         0.000000000000000      
    0.000000000000000         0.000000000000000         0.000000000000000      
    0.000000000000000         0.000000000000000         0.000000000000000      
    0.000000000000000         0.000000000000000         0.000000000000000      
    0.000000000000000         0.000000000000000         0.000000000000000      
    0.000000000000000         0.000000000000000         0.000000000000000      
    0.000000000000000         0.000000000000000         0.000000000000000      
    0.000000000000000         0.000000000000000         0.000000000000000      
    0.000000000000000         0.000000000000000         0.000000000000000      
    0.000000000000000         0.000000000000000         0.000000000000000      
    0.000000000000000         0.000000000000000         0.000000000000000     
 nniter=           10            8    6.932330163775736      
    6.748534003633651         100.0000000000000        1.0000000000000000E-003 
    0.000000000000000        1.0000000000000000E-003
 vcurrt=    0.000000000000000         0.000000000000000      
    0.000000000000000         0.000000000000000         0.000000000000000      
    0.000000000000000         0.000000000000000         0.000000000000000      
    0.000000000000000         0.000000000000000         0.000000000000000      
    0.000000000000000         0.000000000000000         0.000000000000000      
    0.000000000000000         0.000000000000000         0.000000000000000      
    0.000000000000000         0.000000000000000         0.000000000000000      
    0.000000000000000         0.000000000000000         0.000000000000000      
    0.000000000000000         0.000000000000000         0.000000000000000      
    0.000000000000000         0.000000000000000         0.000000000000000      
    0.000000000000000         0.000000000000000         0.000000000000000      
    0.000000000000000         0.000000000000000         0.000000000000000      
    0.000000000000000         0.000000000000000         0.000000000000000      
    0.000000000000000         0.000000000000000         0.000000000000000     
 nniter=           11            8    7.068660465028319      
    6.932330163775736         100.0000000000000        1.0000000000000000E-003 
    0.000000000000000        1.0000000000000000E-003
 vcurrt=    0.000000000000000         0.000000000000000      
    0.000000000000000         0.000000000000000         0.000000000000000      
    0.000000000000000         0.000000000000000         0.000000000000000      
    0.000000000000000         0.000000000000000         0.000000000000000      
    0.000000000000000         0.000000000000000         0.000000000000000      
    0.000000000000000         0.000000000000000         0.000000000000000      
    0.000000000000000         0.000000000000000         0.000000000000000      
    0.000000000000000         0.000000000000000         0.000000000000000      
    0.000000000000000         0.000000000000000         0.000000000000000      
    0.000000000000000         0.000000000000000         0.000000000000000      
    0.000000000000000         0.000000000000000         0.000000000000000      
    0.000000000000000         0.000000000000000         0.000000000000000      
    0.000000000000000         0.000000000000000         0.000000000000000      
    0.000000000000000         0.000000000000000         0.000000000000000     
 nniter=           12            8    7.173617766048778      
    7.068660465028319         100.0000000000000        1.0000000000000000E-003 
    0.000000000000000        1.0000000000000000E-003
 vcurrt=    0.000000000000000         0.000000000000000      
    0.000000000000000         0.000000000000000         0.000000000000000      
    0.000000000000000         0.000000000000000         0.000000000000000      
    0.000000000000000         0.000000000000000         0.000000000000000      
    0.000000000000000         0.000000000000000         0.000000000000000      
    0.000000000000000         0.000000000000000         0.000000000000000      
    0.000000000000000         0.000000000000000         0.000000000000000      
    0.000000000000000         0.000000000000000         0.000000000000000      
    0.000000000000000         0.000000000000000         0.000000000000000      
    0.000000000000000         0.000000000000000         0.000000000000000      
    0.000000000000000         0.000000000000000         0.000000000000000      
    0.000000000000000         0.000000000000000         0.000000000000000      
    0.000000000000000         0.000000000000000         0.000000000000000      
    0.000000000000000         0.000000000000000         0.000000000000000     
 nniter=           13            8    7.252332529333631      
    7.173617766048778         100.0000000000000        1.0000000000000000E-003 
    0.000000000000000        1.0000000000000000E-003
 vcurrt=    0.000000000000000         0.000000000000000      
    0.000000000000000         0.000000000000000         0.000000000000000      
    0.000000000000000         0.000000000000000         0.000000000000000      
    0.000000000000000         0.000000000000000         0.000000000000000      
    0.000000000000000         0.000000000000000         0.000000000000000      
    0.000000000000000         0.000000000000000         0.000000000000000      
    0.000000000000000         0.000000000000000         0.000000000000000      
    0.000000000000000         0.000000000000000         0.000000000000000      
    0.000000000000000         0.000000000000000         0.000000000000000      
    0.000000000000000         0.000000000000000         0.000000000000000      
    0.000000000000000         0.000000000000000         0.000000000000000      
    0.000000000000000         0.000000000000000         0.000000000000000      
    0.000000000000000         0.000000000000000         0.000000000000000      
    0.000000000000000         0.000000000000000         0.000000000000000     
 nniter=           14            8    7.312026949129042      
    7.252332529333631         100.0000000000000        1.0000000000000000E-003 
    0.000000000000000        1.0000000000000000E-003
 vcurrt=    0.000000000000000         0.000000000000000      
    0.000000000000000         0.000000000000000         0.000000000000000      
    0.000000000000000         0.000000000000000         0.000000000000000      
    0.000000000000000         0.000000000000000         0.000000000000000      
    0.000000000000000         0.000000000000000         0.000000000000000      
    0.000000000000000         0.000000000000000         0.000000000000000      
    0.000000000000000         0.000000000000000         0.000000000000000      
    0.000000000000000         0.000000000000000         0.000000000000000      
    0.000000000000000         0.000000000000000         0.000000000000000      
    0.000000000000000         0.000000000000000         0.000000000000000      
    0.000000000000000         0.000000000000000         0.000000000000000      
    0.000000000000000         0.000000000000000         0.000000000000000      
    0.000000000000000         0.000000000000000         0.000000000000000      
    0.000000000000000         0.000000000000000         0.000000000000000     
 nniter=           15            8    7.352720579078865      
    7.312026949129042         100.0000000000000        1.0000000000000000E-003 
    0.000000000000000        1.0000000000000000E-003
 vcurrt=    0.000000000000000         0.000000000000000      
    0.000000000000000         0.000000000000000         0.000000000000000      
    0.000000000000000         0.000000000000000         0.000000000000000      
    0.000000000000000         0.000000000000000         0.000000000000000      
    0.000000000000000         0.000000000000000         0.000000000000000      
    0.000000000000000         0.000000000000000         0.000000000000000      
    0.000000000000000         0.000000000000000         0.000000000000000      
    0.000000000000000         0.000000000000000         0.000000000000000      
    0.000000000000000         0.000000000000000         0.000000000000000      
    0.000000000000000         0.000000000000000         0.000000000000000      
    0.000000000000000         0.000000000000000         0.000000000000000      
    0.000000000000000         0.000000000000000         0.000000000000000      
    0.000000000000000         0.000000000000000         0.000000000000000      
    0.000000000000000         0.000000000000000         0.000000000000000     
 nniter=           16            8    7.383602428409630      
    7.352720579078865         100.0000000000000        1.0000000000000000E-003 
    0.000000000000000        1.0000000000000000E-003
 vcurrt=    0.000000000000000         0.000000000000000      
    0.000000000000000         0.000000000000000         0.000000000000000      
    0.000000000000000         0.000000000000000         0.000000000000000      
    0.000000000000000         0.000000000000000         0.000000000000000      
    0.000000000000000         0.000000000000000         0.000000000000000      
    0.000000000000000         0.000000000000000         0.000000000000000      
    0.000000000000000         0.000000000000000         0.000000000000000      
    0.000000000000000         0.000000000000000         0.000000000000000      
    0.000000000000000         0.000000000000000         0.000000000000000      
    0.000000000000000         0.000000000000000         0.000000000000000      
    0.000000000000000         0.000000000000000         0.000000000000000      
    0.000000000000000         0.000000000000000         0.000000000000000      
    0.000000000000000         0.000000000000000         0.000000000000000      
    0.000000000000000         0.000000000000000         0.000000000000000     
 nniter=           17            8    7.409374026265982      
    7.383602428409630         100.0000000000000        1.0000000000000000E-003 
    0.000000000000000        1.0000000000000000E-003
 vcurrt=    0.000000000000000         0.000000000000000      
    0.000000000000000         0.000000000000000         0.000000000000000      
    0.000000000000000         0.000000000000000         0.000000000000000      
    0.000000000000000         0.000000000000000         0.000000000000000      
    0.000000000000000         0.000000000000000         0.000000000000000      
    0.000000000000000         0.000000000000000         0.000000000000000      
    0.000000000000000         0.000000000000000         0.000000000000000      
    0.000000000000000         0.000000000000000         0.000000000000000      
    0.000000000000000         0.000000000000000         0.000000000000000      
    0.000000000000000         0.000000000000000         0.000000000000000      
    0.000000000000000         0.000000000000000         0.000000000000000      
    0.000000000000000         0.000000000000000         0.000000000000000      
    0.000000000000000         0.000000000000000         0.000000000000000      
    0.000000000000000         0.000000000000000         0.000000000000000     
 nniter=           18            8    7.427770375730089      
    7.409374026265982         100.0000000000000        1.0000000000000000E-003 
    0.000000000000000        1.0000000000000000E-003
 plasma current=    466395.6795887300         383946.6450403130      
   -260391.1154717527         92815.86872068784         1934404.218046600      
   -522894.5242544131         34385.40147904748         366472.1978258865      
   -16990.28309693646        -161871.1520495152         1957331.350903650      
   -566199.2745888485         78256.41392718714     
