    60.45017378374427     
    76.34366141449314     
    77.41079001455664     
    80.73501985736826     
    80.00171719002903     
    81.59233354500560     
    82.65189823160834     
    82.10639787214494     
    76.19316136108830     
    72.01774711525975     
    63.04939725161904     
    60.45017378374427     
    96.16438555776519     
    111.2617539383200     
    136.3804147789589     
    143.7785558262168     
    140.0308671950882     
    78.23405649699561     
    78.06392204160473     
    79.22405137342412     
    80.40501346288079     
    80.79890484429853     
    81.98769813589577     
    80.01280916299616     
    72.52358890491419     
    66.98460101591660     
    61.98946261569029     
    60.47523377028922     
    98.38040177154338     
    116.8170332567980     
    138.4604565119938     
    149.1482387022355     
    143.8116375242295     
    106.0405938238720     
    102.7801549975872     
    104.8572983769179     
    106.1110430964673     
    113.8087909613998     
    133.8837141088080     
    145.0917181488259     
    129.4288347821148     
    285.5987363664876     
    160.1380153080091     
    124.1238240736320     
    124.2975732384881     
    137.1016263123267     
    153.6540179163046     
    167.0349447529429     
    174.0275070796517     
    116.6929378068162     
    125.9078590287761     
    138.8659233329653     
    153.2330977980769     
    412.3628101594853     
    152.9893637235818     
    410.6628630528127     
    124.8430925393787     
    129.8363190627458     
    145.8580260361623     
    0.000000000000000     
    0.000000000000000     
    203.9104782285921     
    285.2249888597075     
    150.3373220549100     
    0.000000000000000     
    129.2470211677899     
    0.000000000000000     
    162.7026334695264     
    191.1774980752830     
    0.000000000000000     
    0.000000000000000     
    181.6119873925243     
    0.000000000000000     
    0.000000000000000     
    0.000000000000000     
    0.000000000000000     
    0.000000000000000     
    0.000000000000000     
    0.000000000000000     
    0.000000000000000     
    0.000000000000000     
    0.000000000000000     
    0.000000000000000     
    0.000000000000000     
    0.000000000000000     
    0.000000000000000     
    0.000000000000000     
    0.000000000000000     
    0.000000000000000     
    0.000000000000000     
    0.000000000000000     
    0.000000000000000     
    0.000000000000000     
    0.000000000000000     
    0.000000000000000     
    0.000000000000000     
    0.000000000000000     
    0.000000000000000     
    0.000000000000000     
    0.000000000000000     
    0.000000000000000     
    0.000000000000000     
    0.000000000000000     
    0.000000000000000     
    0.000000000000000     
    0.000000000000000     
    0.000000000000000     
    0.000000000000000     
    0.000000000000000     
    0.000000000000000     
    0.000000000000000     
    0.000000000000000     
    0.000000000000000     
    0.000000000000000     
    0.000000000000000     
    0.000000000000000     
    0.000000000000000     
    0.000000000000000     
    0.000000000000000     
    0.000000000000000     
    0.000000000000000     
    0.000000000000000     
    0.000000000000000     
