   0.1164649134061698        4.7483990066449183E-002   2.9279485014444016E-002 
   5.3549581161750973E-002   3.5548524967452381E-003   3.1178508419251413E-003 
   2.1660657072058265E-002   3.0595976328912693E-002   7.8964173212524320E-003 
   1.5643478778978766E-002   3.9100215535261343E-003   8.9807250382354306E-003 
   3.8492626665293972E-003   8.2624937470231460E-002   1.5042112463050554E-002 
   1.1765205059383319E-003   2.2641511374721503E-002   7.0600772715900983E-002 
   7.6635575985894540E-006   1.8932587633126066E-002   2.7981315235277092E-003 
   2.0920030170710521E-002   2.7867462269112920E-004   4.3201452596744468E-002 
   5.4410610521216561E-002   1.9693266234316189E-002   1.2267296751168602E-002 
   3.3324128598794397E-002   7.5110963776608957E-003   0.1643354885602329      
   0.5410628288416374        0.1736121928142212        2.7892208622354444E-002 
   2.4666331214781684E-003   0.1740328051593588        8.1363860690416262E-002 
   5.9202340272786307E-003   0.4010014555886730        0.1249845879880593      
   7.1157731983061967E-003   0.1310322528059489        2.5574116314131005E-003 
   3.9814920221419046E-002   0.2688897631244567        1.0644751458110025E-002 
   1.3966648616513989E-002   3.0612007836044255E-002   1.3389117667113001E-004 
   5.4541565748599662E-002   0.1981744168154140        0.1426683940088123      
   7.6525209286769966E-002   1.0957388220045714E-002   0.2301720831124981      
   3.4295124120174533E-002   0.9243270549585662        0.1484169209960949      
   3.5386124096991711E-002   2.8462014181613133E-003    0.000000000000000      
    0.000000000000000        1.1090578085464743E-002   0.1573880725192064      
   2.2559809059723160E-005    0.000000000000000        9.6942714259424051E-002 
    0.000000000000000        2.4457860653542520E-002   5.7821213171641182E-003 
    0.000000000000000         0.000000000000000        0.5787391800241164      
    0.000000000000000         0.000000000000000         0.000000000000000      
    0.000000000000000         0.000000000000000         0.000000000000000      
    0.000000000000000         0.000000000000000         0.000000000000000      
    0.000000000000000         0.000000000000000         0.000000000000000      
    0.000000000000000         0.000000000000000         0.000000000000000      
    0.000000000000000         0.000000000000000         0.000000000000000      
    0.000000000000000         0.000000000000000         0.000000000000000      
    0.000000000000000         0.000000000000000         0.000000000000000      
    0.000000000000000         0.000000000000000         0.000000000000000      
    0.000000000000000         0.000000000000000         0.000000000000000      
    0.000000000000000         0.000000000000000         0.000000000000000      
    0.000000000000000         0.000000000000000         0.000000000000000      
    0.000000000000000         0.000000000000000         0.000000000000000      
    0.000000000000000         0.000000000000000         0.000000000000000      
    0.000000000000000         0.000000000000000         0.000000000000000      
    0.000000000000000         0.000000000000000         0.000000000000000      
    0.000000000000000         0.000000000000000         0.000000000000000     
