&in1
 kffcur = 1 ,
 kppcur = 2 ,
 kersil = 1,
 keqdsk = 1,
 fitdelz = T,
 mxiter = -60,
 fwtfc = 0.0, 0.0, 0.0, 0.0, 0.0, 0.0, 0.0, 0.0, 0.0, 0.0, 0.0, 0.0,
 itek = 5 ,
 pcurbd =  1.000000 ,
 fcurbd =  1.000000 ,
 kcalpa = 0,
 calpa = 0.1, 0.1, 0.1,
 xalpa = 0,
 kcgama = 0,
 cgama = 0.1, 0.1, 0.1,
 xgama = 0,
 btor = -1.7994373219240716 
 saimin = 100.000000 ,
 saicon = 100.000000 ,
 cutip = 50000,
 serror = 0.05,
 error = 0.001,
 errmin = 1.00e-03,
 ierchk = 1 ,
 iplcout = 1,
 fwtcur = 1.000000 ,
 fwtsi = 1.0 , 1.0 , 1.0 , 1.0 , 1.0 , 1.0 , 1.0 , 1.0 , 1.0 , 1.0 ,
        1.0 , 1.0 , 1.0 , 1.0 , 1.0 , 1.0 , 1.0 , 1.0 , 1.0 , 1.0 ,
        1.0 , 1.0 , 1.0 , 1.0 , 1.0 , 1.0 , 1.0 , 1.0 , 1.0 , 1.0 ,
        1.0 , 1.0 , 1.0 , 1.0 , 1.0 , 
 fwtmp2 = 1.0 , 1.0 , 1.0 , 1.0 , 1.0 , 1.0 , 1.0 , 1.0 , 1.0 , 1.0 ,
         1.0 , 1.0 , 1.0 , 1.0 , 1.0 , 1.0 , 1.0 , 1.0 , 1.0 , 1.0 ,
         1.0 , 1.0 , 1.0 , 1.0 , 0.0 , 0.0 , 1.0 , 1.0 , 1.0 , 0.0 ,
         1.0 , 0.0 , 1.0 , 1.0 , 0.0 , 0.0 , 1.0 ,0.0,
 limitr = 60
 xlim =     1.35838, 1.35838, 1.35838, 1.36314, 1.43710,
     1.43721, 1.44164, 1.42970, 1.39169, 1.39151,
     1.37929, 1.39900, 1.43623, 1.45919, 1.47791,
     1.54494, 1.61204, 1.63506, 1.66054, 1.66519,
     1.69550, 1.70668, 1.71388, 1.71400, 1.73649,
     1.76324, 1.80199, 1.80237, 1.93972, 1.97063,
     2.07495, 2.17710, 2.27925, 2.35000, 2.35000,
     2.35000, 2.27925, 2.17710, 2.07495, 1.97280,
     1.97063, 1.92059, 1.87055, 1.82051, 1.79281,
     1.76511, 1.75421, 1.67782, 1.60143, 1.48426,
     1.36709, 1.33132, 1.37874, 1.42615, 1.40528,
     1.38440, 1.36353, 1.35838, 1.35838, 1.35838,
 ylim =     0.00000, 0.227000, 0.454000, 0.455735, 0.798332, 
     0.798821, 0.838195, 0.908908, 1.01426, 1.01473,  
     1.04859, 1.03946, 1.02560, 1.02095, 1.02514,  
     1.05454, 1.08394, 1.09586, 1.11400, 1.11765,  
     1.14183, 1.16211, 1.13093, 1.13044, 1.03300,  
     0.969832, 0.925670, 0.925347, 0.809223, 0.783389, 
     0.688380, 0.589040, 0.489700, 0.490000, 0.00000,  
     -0.490000, -0.489700, -0.589040, -0.688380, -0.787720, 
     -0.783389, -0.832375, -0.881361, -0.930347, -1.05034,  
     -1.17034, -1.13917, -1.03465, -0.930138, -0.953380,  
     -0.976622, -1.01072, -0.879327, -0.747939, -0.650620,  
     -0.553300, -0.455981, -0.454000, -0.227000, 0.00000,
 icinit = 2 ,
 scrape =  3.50000001e-02 ,
 ixstrt = 2 ,
 ifcurr = 0 ,
 relax = 0.5
    brsp = 381414.66988508793, 390758.66331815225, -330777.92367168405,
           -25099.614220753407, 113750.540192896, -166774.21185274783, 348762.2651876585,
           340961.3232305877, 1616988.684051871, 1580820.6804327248, -559723.102241734,
           -543187.2291947359, 53666.35058077424, 56032.97123789314, -607.3021409911321,
           0.6104177398415075
    coils = 0.2535143268094082, 0.26197328801685144, 0.25836191564818184,
            0.24772397449499983, 0.24999463389634202, 0.24512106874560924,
            0.24197871347075067, 0.24358637716811973, 0.2624907490741546,
            0.2777093258414664, 0.31721159712571906, 0.3308509926133285,
            0.20797720366014458, 0.17975628903969426, 0.14664862276900512,
            0.13910280211865345, 0.1428256526622548, 0.2556431418172475,
            0.25620029684571644, 0.25244858920089314, 0.24874070830462655,
            0.24752810744824436, 0.24393903542516482, 0.24995997777377724,
            0.2757723425163368, 0.2985760860954846, 0.32263547958129507,
            0.3307138931611004, 0.20329252208629442, 0.17120790900445268,
            0.14444557315371515, 0.1340947782824889, 0.13907080361719953,
            0.18860701622643666, 0.19459009378288544
    expmp2 = 0.19073541193201843, 0.1884817962049215, 0.17573334916441857,
             0.14938336699970767, 0.13784384288209522, -0.154525071895059,
             -0.07002832104388407, 0.12489226846937027, 0.1611294217630269,
             0.160904187257351, 0.14587719006657635, 0.13016255787657963,
             0.11973542440225, 0.11492436072675614, 0.1713899776275216,
             0.15884631947739677, 0.1440238146261777, 0.13052010490811208,
             -0.048500979009879194, -0.1307280422195599, 0.04870174977918061,
             0.16020109397475468, 0.15404010329601717, 0.13711963985472725,
             0.11628618920776937, 0.1283259267383414, 0.09808225734029796,
             0.07012008337683667, 0.1330341642822073, -2.4142465477887396,
             -0.15474244450118332, -2.3757943787701326, -0.12292364034627581,
             -0.10461482235803862, 0.11638161496997508, 7.230700846703976e-05,
             0.1101248892606043, 2.2454823063579483
    ishot = 70754
    itime = 5000
    plasma = 499350.73902539664
/
