   0.1187391514949212        3.6931306278606829E-002   4.9391878111414433E-003 
   0.1432351224839995        1.1106052377662776E-002   5.9107773459332727E-002 
   0.1221959894863271        0.1393859648867461        6.8825141008421381E-002 
   5.7847827705810012E-002   2.9923606801049451E-002   5.0831118358928298E-002 
   1.2244581599696912E-003   6.3617046353607043E-002   5.2488406956920260E-002 
   1.4411675507661412E-002   4.0989605383971259E-003   6.8172449797947357E-002 
   8.2867944226133194E-003   9.3269959786558679E-002   1.4244746212966283E-002 
   0.1289780863273357        5.8542558282319142E-002   0.2062221378887531      
   0.2102096149307695        0.1214905586857331        0.1017131974251276      
   0.1407437970760657        5.5006513339211027E-002   0.1134727000036324      
   0.2049613936457162        0.2713356104736327        0.1821337096074924      
   3.4144861222542615E-002   3.0921715219890063E-002   2.9708721819142244E-002 
   6.9771672040214699E-002   0.6004956844792841        0.3741215123574362      
   0.2215912719415324        0.3952265362259807        3.6196307697766245E-002 
   1.0516354995266017E-003   1.3669655997331799E-003   2.3709905946438545E-002 
   5.3836626324495908E-002   6.5862455031021755E-002   6.9821774244522372E-003 
   6.9404679223115356E-002   5.5077419395809485E-002   0.6442030015912892      
   0.4035942106293116        0.1466247868908592         1.108344798398823      
   2.0946675886947871E-002    1.448487477462003         1.633283216423948      
   0.1115700234701441        9.1936329727072396E-003    0.000000000000000      
    0.000000000000000        0.1294888096296073        0.5389612545703123      
   0.1500486780785658         0.000000000000000        0.4164851768230330      
    0.000000000000000        6.6837656206449481E-003   4.0526737041465505E-002 
    0.000000000000000         0.000000000000000        4.2085824929317941E-006 
    0.000000000000000         0.000000000000000         0.000000000000000      
    0.000000000000000         0.000000000000000         0.000000000000000      
    0.000000000000000         0.000000000000000         0.000000000000000      
    0.000000000000000         0.000000000000000         0.000000000000000      
    0.000000000000000         0.000000000000000         0.000000000000000      
    0.000000000000000         0.000000000000000         0.000000000000000      
    0.000000000000000         0.000000000000000         0.000000000000000      
    0.000000000000000         0.000000000000000         0.000000000000000      
    0.000000000000000         0.000000000000000         0.000000000000000      
    0.000000000000000         0.000000000000000         0.000000000000000      
    0.000000000000000         0.000000000000000         0.000000000000000      
    0.000000000000000         0.000000000000000         0.000000000000000      
    0.000000000000000         0.000000000000000         0.000000000000000      
    0.000000000000000         0.000000000000000         0.000000000000000      
    0.000000000000000         0.000000000000000         0.000000000000000      
    0.000000000000000         0.000000000000000         0.000000000000000      
    0.000000000000000         0.000000000000000         0.000000000000000     
