    50.52037383942530     
    61.31733405425383     
    62.02718484041900     
    64.33985681545110     
    63.70073017234517     
    64.70671536395839     
    65.43965427400448     
    65.14637773460302     
    61.54686556397466     
    58.84205074384211     
    52.88777972348890     
    51.05302479288238     
    71.30420702905438     
    79.12740890371241     
    89.58412543007974     
    92.95490472853658     
    92.57169185498350     
    62.78449119003304     
    62.41723415779076     
    62.95661641647802     
    63.84865367136587     
    63.92737981626490     
    64.78122265744580     
    63.45310074051737     
    58.72657625486352     
    55.12193836019732     
    51.66624323104039     
    50.52037383942530     
    73.38936602491854     
    83.03767889983149     
    93.16166912949826     
    98.49848307447047     
    96.24920022382493     
    78.50061099009170     
    74.42700218546820     
    104.2428926921559     
    105.4105359072202     
    112.7323605138102     
    133.6224533326484     
    144.8584190586914     
    135.1368477563299     
    296.2235994138107     
    170.9124628645577     
    126.8582975823549     
    128.8862701053309     
    144.6525585463713     
    161.8318586514290     
    176.2033816865898     
    183.3052398024662     
    113.8305993568318     
    120.5109347881326     
    132.3075640061737     
    146.4047364293809     
    464.1462496956820     
    156.9708395590988     
    408.2188603529957     
    135.3919553503626     
    137.1270847945434     
    152.9721433718129     
    0.000000000000000     
    0.000000000000000     
    218.3040132461479     
    293.9127218602875     
    150.9876041150949     
    0.000000000000000     
    134.7879078076077     
    0.000000000000000     
    166.8897928042200     
    202.5409464988283     
    0.000000000000000     
    0.000000000000000     
    180.2172902498137     
    0.000000000000000     
    0.000000000000000     
    0.000000000000000     
    0.000000000000000     
    0.000000000000000     
    0.000000000000000     
    0.000000000000000     
    0.000000000000000     
    0.000000000000000     
    0.000000000000000     
    0.000000000000000     
    0.000000000000000     
    0.000000000000000     
    0.000000000000000     
    0.000000000000000     
    0.000000000000000     
    0.000000000000000     
    0.000000000000000     
    0.000000000000000     
    0.000000000000000     
    0.000000000000000     
    0.000000000000000     
    0.000000000000000     
    0.000000000000000     
    0.000000000000000     
    0.000000000000000     
    0.000000000000000     
    0.000000000000000     
    0.000000000000000     
    0.000000000000000     
    0.000000000000000     
    0.000000000000000     
    0.000000000000000     
    0.000000000000000     
    0.000000000000000     
    0.000000000000000     
    0.000000000000000     
    0.000000000000000     
    0.000000000000000     
    0.000000000000000     
    0.000000000000000     
    0.000000000000000     
    0.000000000000000     
    0.000000000000000     
    0.000000000000000     
    0.000000000000000     
    0.000000000000000     
    0.000000000000000     
    0.000000000000000     
    0.000000000000000     
    0.000000000000000     
