&IN1
  KFFCUR = 1 
  KPPCUR = 2 
  KERSIL = 1 
  KEQDSK = 1 
  FITDELZ = .true. 
  MXITER = -60 
  FWTFC = 0.0 0.0 0.0 0.0 0.0 0.0 0.0 0.0 0.0 0.0 0.0 0.0 
  ITEK = 5 
  PCURBD = 1.0 
  FCURBD = 1.0 
  KCALPA = 0 
  CALPA = 0.1 0.1 0.1 
  XALPA = 0 
  KCGAMA = 0 
  CGAMA = 0.1 0.1 0.1 
  XGAMA = 0 
  BTOR = 1.7991559841780105 
  SAIMIN = 100.0 
  SAICON = 100.0 
  CUTIP = 50000 
  SERROR = 0.05 
  ERROR = 0.001 
  ERRMIN = 0.001 
  IERCHK = 1 
  IPLCOUT = 1 
  FWTCUR = 1.0 
  FWTSI = 1.0 1.0 1.0 1.0 1.0 1.0 1.0 1.0 1.0 1.0 1.0 1.0 1.0 1.0 1.0  
    1.0 1.0 1.0 1.0 1.0 1.0 1.0 1.0 1.0 1.0 1.0 1.0 1.0 1.0 1.0 1.0 1.0  
    1.0 1.0 1.0 
  FWTMP2 = 1.0 1.0 1.0 1.0 1.0 1.0 1.0 1.0 1.0 1.0 1.0 1.0 1.0 1.0 1.0  
    1.0 1.0 1.0 1.0 1.0 1.0 1.0 1.0 1.0 0.0 0.0 1.0 1.0 1.0 0.0 1.0 0.0  
    1.0 1.0 0.0 0.0 1.0 0.0 
  LIMITR = 60 
  XLIM = 1.35838 1.35838 1.35838 1.36314 1.4371 1.43721 1.44164 1.4297  
    1.39169 1.39151 1.37929 1.399 1.43623 1.45919 1.47791 1.54494  
    1.61204 1.63506 1.66054 1.66519 1.6955 1.70668 1.71388 1.714  
    1.73649 1.76324 1.80199 1.80237 1.93972 1.97063 2.07495 2.1771  
    2.27925 2.35 2.35 2.35 2.27925 2.1771 2.07495 1.9728 1.97063  
    1.92059 1.87055 1.82051 1.79281 1.76511 1.75421 1.67782 1.60143  
    1.48426 1.36709 1.33132 1.37874 1.42615 1.40528 1.3844 1.36353  
    1.35838 1.35838 1.35838 
  YLIM = 0.0 0.227 0.454 0.455735 0.798332 0.798821 0.838195 0.908908  
    1.01426 1.01473 1.04859 1.03946 1.0256 1.02095 1.02514 1.05454  
    1.08394 1.09586 1.114 1.11765 1.14183 1.16211 1.13093 1.13044 1.033  
    0.969832 0.92567 0.925347 0.809223 0.783389 0.68838 0.58904 0.4897  
    0.49 0.0 -0.49 -0.4897 -0.58904 -0.68838 -0.78772 -0.783389  
    -0.832375 -0.881361 -0.930347 -1.05034 -1.17034 -1.13917 -1.03465  
    -0.930138 -0.95338 -0.976622 -1.01072 -0.879327 -0.747939 -0.65062  
    -0.5533 -0.455981 -0.454 -0.227 0.0 
  ICINIT = 2 
  SCRAPE = 0.0350000001 
  IXSTRT = 2 
  IFCURR = 0 
  RELAX = 0.5 
  COILS = 0.3161298605554519 0.3261720410464016 0.3224392667739988  
    0.31084930849888115 0.31396814362863823 0.30908692996554094  
    0.30562508653021536 0.3070009522475236 0.32495562230071773  
    0.3398929803970679 0.37815919111305507 0.39174956001408795  
    0.28048835872826666 0.252756917951621 0.22325383994076012  
    0.21515809260853477 0.21604876824905214 0.31855000527861205  
    0.32042432302334967 0.3176790802684446 0.31324074745477953  
    0.31285499354865537 0.30873143759198945 0.31519342264749545  
    0.3405613144073536 0.36283194305158334 0.3870999466820972  
    0.3958798892416808 0.27251904578667735 0.24085451646747058  
    0.21468056752181242 0.20304881228352378 0.2077939344274086  
    0.2547750870693782 0.268719677169867 
  EXPMP2 = 0.19185960292816162 0.1897343546152115 0.17741134762763977  
    0.14967544376850128 0.13806584477424622 -0.1479981243610382  
    -0.06751656532287598 0.11701896786689758 0.1576562225818634  
    0.1551755666732788 0.1382623314857483 0.1235850602388382  
    0.11350519955158234 0.10910762846469879 0.17569968104362488  
    0.16596004366874695 0.15116293728351593 0.1366076022386551  
    -0.043089866638183594 -0.12741219997406006 0.04899332672357559  
    0.14771926403045654 0.14585010707378387 0.13074275851249695  
    0.1104322075843811 0.12233981490135193 0.09161535650491714  
    0.0680474117398262 0.13246120512485504 -2.237091064453125  
    -0.14838126301765442 -2.209930419921875 -0.11983956396579742  
    -0.09874546527862549 0.11417512595653534 -7.232382631627843e-05  
    0.11097714304924011 2.130279541015625 
  BRSP = 508037.15625 -201377.5 299270.40625 2013180.25 -515711.21875  
    51489.65625 520590.15625 76667.890625 14594.7939453125 1994116.0  
    -513829.625 54919.70703125 
  PLASMA = 494554.46875 
  ISHOT = 70754 
  ITIME = 4000.0 
/

