&IN1
  KFFCUR = 1 
  KPPCUR = 2 
  KERSIL = 1 
  KEQDSK = 1 
  FITDELZ = .true. 
  MXITER = -60 
  FWTFC = 0.0 0.0 0.0 0.0 0.0 0.0 0.0 0.0 0.0 0.0 0.0 0.0 
  ITEK = 5 
  PCURBD = 1.0 
  FCURBD = 1.0 
  KCALPA = 0 
  CALPA = 0.1 0.1 0.1 
  XALPA = 0 
  KCGAMA = 0 
  CGAMA = 0.1 0.1 0.1 
  XGAMA = 0 
  BTOR = 1.7991559841780105 
  SAIMIN = 100.0 
  SAICON = 100.0 
  CUTIP = 50000 
  SERROR = 0.05 
  ERROR = 0.001 
  ERRMIN = 0.001 
  IERCHK = 1 
  IPLCOUT = 1 
  FWTCUR = 1.0 
  FWTSI = 1.0 1.0 1.0 1.0 1.0 1.0 1.0 1.0 1.0 1.0 1.0 1.0 1.0 1.0 1.0  
    1.0 1.0 1.0 1.0 1.0 1.0 1.0 1.0 1.0 1.0 1.0 1.0 1.0 1.0 1.0 1.0 1.0  
    1.0 1.0 1.0 
  FWTMP2 = 1.0 1.0 1.0 1.0 1.0 1.0 1.0 1.0 1.0 1.0 1.0 1.0 1.0 1.0 1.0  
    1.0 1.0 1.0 1.0 1.0 1.0 1.0 1.0 1.0 0.0 0.0 1.0 1.0 1.0 0.0 1.0 0.0  
    1.0 1.0 0.0 0.0 1.0 0.0 
  LIMITR = 60 
  XLIM = 1.35838 1.35838 1.35838 1.36314 1.4371 1.43721 1.44164 1.4297  
    1.39169 1.39151 1.37929 1.399 1.43623 1.45919 1.47791 1.54494  
    1.61204 1.63506 1.66054 1.66519 1.6955 1.70668 1.71388 1.714  
    1.73649 1.76324 1.80199 1.80237 1.93972 1.97063 2.07495 2.1771  
    2.27925 2.35 2.35 2.35 2.27925 2.1771 2.07495 1.9728 1.97063  
    1.92059 1.87055 1.82051 1.79281 1.76511 1.75421 1.67782 1.60143  
    1.48426 1.36709 1.33132 1.37874 1.42615 1.40528 1.3844 1.36353  
    1.35838 1.35838 1.35838 
  YLIM = 0.0 0.227 0.454 0.455735 0.798332 0.798821 0.838195 0.908908  
    1.01426 1.01473 1.04859 1.03946 1.0256 1.02095 1.02514 1.05454  
    1.08394 1.09586 1.114 1.11765 1.14183 1.16211 1.13093 1.13044 1.033  
    0.969832 0.92567 0.925347 0.809223 0.783389 0.68838 0.58904 0.4897  
    0.49 0.0 -0.49 -0.4897 -0.58904 -0.68838 -0.78772 -0.783389  
    -0.832375 -0.881361 -0.930347 -1.05034 -1.17034 -1.13917 -1.03465  
    -0.930138 -0.95338 -0.976622 -1.01072 -0.879327 -0.747939 -0.65062  
    -0.5533 -0.455981 -0.454 -0.227 0.0 
  ICINIT = 2 
  SCRAPE = 0.0350000001 
  IXSTRT = 2 
  IFCURR = 0 
  RELAX = 0.5 
  COILS = 0.2535451597273358 0.2619250429290337 0.258408557980348  
    0.24775190710981718 0.25002383672798806 0.24519982589918962  
    0.2419787276593593 0.24358636446250334 0.2624278966339282  
    0.27773956806954275 0.31727477101507523 0.330850986246328  
    0.20802301138307175 0.17972508230576426 0.14662105267348188  
    0.1390867468910316 0.14282564936093967 0.25565859101126703  
    0.2562319284738465 0.2524793845983461 0.24870912017649907  
    0.2475133437803068 0.2439546254952532 0.24997483012069321  
    0.27578835377839933 0.2986071809945134 0.32266678796435105  
    0.33068163550040713 0.20330835947198428 0.17123971062688506  
    0.1444455710182159 0.13412630303356216 0.13908672791828391  
    0.1886381376631724 0.19463675130173608 
  EXPMP2 = 0.19082123041152954 0.18851810693740845 0.1756884753704071  
    0.1493706852197647 0.13781917095184326 -0.15455003082752228  
    -0.07007856667041779 0.12495660036802292 0.1611294150352478  
    0.16093018651008606 0.14590279757976532 0.13010850548744202  
    0.11970052123069763 0.11490672826766968 0.17144252359867096  
    0.1587575078010559 0.14401519298553467 0.13053792715072632  
    -0.04848288372159004 -0.13073702156543732 0.04863106831908226  
    0.160236656665802 0.1540486067533493 0.13714468479156494  
    0.11625973880290985 0.1283167600631714 0.09788358211517334  
    0.07008242607116699 0.13291478157043457 -2.4090576171875  
    -0.15474246442317963 -2.37060546875 -0.12293213605880737  
    -0.10471118986606598 0.11635565757751465 9.040478471433744e-05  
    0.11014342308044434 2.2509765625 
  BRSP = 381414.65625 -331252.5625 113531.4609375 1965599.75 -559580.25  
    53628.8046875 390521.625 -25099.607421875 -166692.21875 1921643.0  
    -543258.125 55884.515625 
  PLASMA = 499364.875 
  ISHOT = 70754 
  ITIME = 5000.0 
/

