    69.94338679242527     
    92.93366345261511     
    94.35575839173295     
    98.87809940771105     
    98.01971087061474     
    100.0267749312939     
    101.1665166649407     
    100.1274761354142     
    91.29628179114002     
    85.26426304873367     
    73.15827411252033     
    69.94338679242527     
    127.1243481442111     
    154.5540645871443     
    211.3042331795037     
    229.6109595038601     
    219.5584457599505     
    95.26447932814456     
    95.25010415235543     
    96.96484975537948     
    98.54684429099616     
    99.15477557725170     
    100.4886065506772     
    97.76241466112062     
    87.19398753327087     
    79.64369593925227     
    73.11249597490647     
    71.41061953930725     
    129.5057718863549     
    163.4012421555273     
    209.7958680949383     
    234.3521901866454     
    222.4558590070498     
    142.8489539657793     
    138.2627164590078     
    100.2261346571591     
    102.3218877556699     
    112.1989152750935     
    138.7549883686574     
    152.5155179950790     
    129.9536121073658     
    294.7433321207703     
    156.3846591765746     
    121.5354326787163     
    121.0061768108500     
    133.1434732008264     
    148.9821908767010     
    162.3037510129796     
    169.8210617235105     
    114.0011126805664     
    127.9320551285733     
    146.0899466493820     
    166.1812549150560     
    388.8572294423967     
    160.4910137202290     
    406.4596070899663     
    125.7502824323076     
    130.7149337766016     
    146.1961963946375     
    0.000000000000000     
    0.000000000000000     
    198.2652867531523     
    281.6425186259255     
    158.7506014457407     
    0.000000000000000     
    130.1039201085206     
    0.000000000000000     
    171.9345448890368     
    192.8570388873877     
    0.000000000000000     
    0.000000000000000     
    183.6355515525313     
    0.000000000000000     
    0.000000000000000     
    0.000000000000000     
    0.000000000000000     
    0.000000000000000     
    0.000000000000000     
    0.000000000000000     
    0.000000000000000     
    0.000000000000000     
    0.000000000000000     
    0.000000000000000     
    0.000000000000000     
    0.000000000000000     
    0.000000000000000     
    0.000000000000000     
    0.000000000000000     
    0.000000000000000     
    0.000000000000000     
    0.000000000000000     
    0.000000000000000     
    0.000000000000000     
    0.000000000000000     
    0.000000000000000     
    0.000000000000000     
    0.000000000000000     
    0.000000000000000     
    0.000000000000000     
    0.000000000000000     
    0.000000000000000     
    0.000000000000000     
    0.000000000000000     
    0.000000000000000     
    0.000000000000000     
    0.000000000000000     
    0.000000000000000     
    0.000000000000000     
    0.000000000000000     
    0.000000000000000     
    0.000000000000000     
    0.000000000000000     
    0.000000000000000     
    0.000000000000000     
    0.000000000000000     
    0.000000000000000     
    0.000000000000000     
    0.000000000000000     
    0.000000000000000     
    0.000000000000000     
    0.000000000000000     
    0.000000000000000     
    0.000000000000000     
