   0.1153062120463393        4.8297880232193120E-002   3.4857509751103938E-002 
   5.3791776414336648E-002   4.4742111618393029E-003   1.5418103274469908E-003 
   1.3706605439581828E-002   2.1751222086032633E-002   7.3805466879134449E-003 
   1.4476831443328847E-002   1.8266729566055629E-003   5.3788804156737454E-003 
   1.3812725648808160E-004   0.1385921542298912        4.0591219620947482E-003 
   4.9411201018839928E-003   1.0688883573123012E-002   7.1729075934750017E-002 
   4.8118913557319869E-005   2.0708819717175669E-002   3.7268279513399381E-003 
   1.7403754216037653E-002   2.9253163746516091E-003   2.6043625467549410E-002 
   2.4560529852674932E-002   4.4647798518161726E-003   2.0656544102405478E-003 
   1.6566620194329487E-002   9.8663196013085777E-003   0.2880317262060597      
    1.012069726141495        0.3484187553154682        1.2359288912565906E-002 
   1.9829803469896511E-002   0.2294784537890081        7.6235335046865693E-002 
   4.4426746841452437E-003   0.3058531642672615        9.6763941038302242E-002 
   1.8869121940964110E-005   0.1150238078861257        6.4764397552372777E-003 
   5.0781379393900157E-002   0.1739191790265236        7.2060636564926826E-005 
   7.0431555594589164E-003   2.3892804837674860E-002   4.4232075855223069E-006 
   7.3830654276033914E-002   0.2066440085221360        9.5219306505229986E-002 
   6.7166888195270558E-002   8.3905496919866587E-004   0.1431482344717843      
   7.8550223605571831E-002    1.080842219358995        0.1161090133742676      
   7.6960841543631642E-002   4.5434299061735670E-002    0.000000000000000      
    0.000000000000000        1.5619642132274028E-002   0.1407075339480693      
   2.3538894231675874E-003    0.000000000000000        5.3854921166340004E-002 
    0.000000000000000        3.8659972689449200E-002   2.3484582754980474E-003 
    0.000000000000000         0.000000000000000        0.6592724572136455      
    0.000000000000000         0.000000000000000         0.000000000000000      
    0.000000000000000         0.000000000000000         0.000000000000000      
    0.000000000000000         0.000000000000000         0.000000000000000      
    0.000000000000000         0.000000000000000         0.000000000000000      
    0.000000000000000         0.000000000000000         0.000000000000000      
    0.000000000000000         0.000000000000000         0.000000000000000      
    0.000000000000000         0.000000000000000         0.000000000000000      
    0.000000000000000         0.000000000000000         0.000000000000000      
    0.000000000000000         0.000000000000000         0.000000000000000      
    0.000000000000000         0.000000000000000         0.000000000000000      
    0.000000000000000         0.000000000000000         0.000000000000000      
    0.000000000000000         0.000000000000000         0.000000000000000      
    0.000000000000000         0.000000000000000         0.000000000000000      
    0.000000000000000         0.000000000000000         0.000000000000000      
    0.000000000000000         0.000000000000000         0.000000000000000      
    0.000000000000000         0.000000000000000         0.000000000000000      
    0.000000000000000         0.000000000000000         0.000000000000000     
