&IN1
  KFFCUR = 1 
  KPPCUR = 2 
  KERSIL = 1 
  KEQDSK = 1 
  FITDELZ = .true. 
  MXITER = -60 
  FWTFC = 0.0 0.0 0.0 0.0 0.0 0.0 0.0 0.0 0.0 0.0 0.0 0.0 
  ITEK = 5 
  PCURBD = 1.0 
  FCURBD = 1.0 
  KCALPA = 0 
  CALPA = 0.1 0.1 0.1 
  XALPA = 0 
  KCGAMA = 0 
  CGAMA = 0.1 0.1 0.1 
  XGAMA = 0 
  BTOR = 1.7991559841780105 
  SAIMIN = 100.0 
  SAICON = 100.0 
  CUTIP = 50000 
  SERROR = 0.05 
  ERROR = 0.001 
  ERRMIN = 0.001 
  IERCHK = 1 
  IPLCOUT = 1 
  FWTCUR = 1.0 
  FWTSI = 1.0 1.0 1.0 1.0 1.0 1.0 1.0 1.0 1.0 1.0 1.0 1.0 1.0 1.0 1.0  
    1.0 1.0 1.0 1.0 1.0 1.0 1.0 1.0 1.0 1.0 1.0 1.0 1.0 1.0 1.0 1.0 1.0  
    1.0 1.0 1.0 
  FWTMP2 = 1.0 1.0 1.0 1.0 1.0 1.0 1.0 1.0 1.0 1.0 1.0 1.0 1.0 1.0 1.0  
    1.0 1.0 1.0 1.0 1.0 1.0 1.0 1.0 1.0 0.0 0.0 1.0 1.0 1.0 0.0 1.0 0.0  
    1.0 1.0 0.0 0.0 1.0 0.0 
  LIMITR = 60 
  XLIM = 1.35838 1.35838 1.35838 1.36314 1.4371 1.43721 1.44164 1.4297  
    1.39169 1.39151 1.37929 1.399 1.43623 1.45919 1.47791 1.54494  
    1.61204 1.63506 1.66054 1.66519 1.6955 1.70668 1.71388 1.714  
    1.73649 1.76324 1.80199 1.80237 1.93972 1.97063 2.07495 2.1771  
    2.27925 2.35 2.35 2.35 2.27925 2.1771 2.07495 1.9728 1.97063  
    1.92059 1.87055 1.82051 1.79281 1.76511 1.75421 1.67782 1.60143  
    1.48426 1.36709 1.33132 1.37874 1.42615 1.40528 1.3844 1.36353  
    1.35838 1.35838 1.35838 
  YLIM = 0.0 0.227 0.454 0.455735 0.798332 0.798821 0.838195 0.908908  
    1.01426 1.01473 1.04859 1.03946 1.0256 1.02095 1.02514 1.05454  
    1.08394 1.09586 1.114 1.11765 1.14183 1.16211 1.13093 1.13044 1.033  
    0.969832 0.92567 0.925347 0.809223 0.783389 0.68838 0.58904 0.4897  
    0.49 0.0 -0.49 -0.4897 -0.58904 -0.68838 -0.78772 -0.783389  
    -0.832375 -0.881361 -0.930347 -1.05034 -1.17034 -1.13917 -1.03465  
    -0.930138 -0.95338 -0.976622 -1.01072 -0.879327 -0.747939 -0.65062  
    -0.5533 -0.455981 -0.454 -0.227 0.0 
  ICINIT = 2 
  SCRAPE = 0.0350000001 
  IXSTRT = 2 
  IFCURR = 0 
  RELAX = 0.5 
  COILS = 0.20802479482135502 0.21520726997055886 0.21196374594295367  
    0.202269260026253 0.204040593696505 0.1999464644715132  
    0.19769386808324302 0.19974537231869943 0.21906697192503768  
    0.23456486087927356 0.2733798772950713 0.285945547065873  
    0.1573262737781106 0.12940455531483694 0.09465025711534103  
    0.08710385620623551 0.09109191828524134 0.20994183919390066  
    0.20997352368255043 0.2062603103130207 0.2029491674126324  
    0.2017048587278376 0.19902753840967877 0.2045775983472496  
    0.22937361354610075 0.2511184314607257 0.2735510494247709  
    0.2800703890965573 0.15443327126416093 0.12239809034599478  
    0.09533076214327278 0.08534163894125069 0.08990547648091472  
    0.14000802557358016 0.14465215578148724 
  EXPMP2 = 0.19954875111579895 0.19546160101890564 0.1782548427581787  
    0.14413896203041077 0.13113419711589813 -0.15390107035636902  
    -0.06785564869642258 0.12788978219032288 0.16456106305122375  
    0.16528081893920898 0.15021389722824097 0.13424423336982727  
    0.12322574108839035 0.11777102202177048 0.17543688416481018  
    0.15633298456668854 0.13690195977687836 0.12035051733255386  
    -0.05143275856971741 -0.1246175691485405 0.04920538142323494  
    0.15904536843299866 0.1530047059059143 0.13680246472358704  
    0.11862248927354813 0.13011077046394348 0.10087494552135468  
    0.07101200520992279 0.12598377466201782 -2.4798583984375  
    -0.15372326970100403 -2.431793212890625 -0.11632333695888519  
    -0.10370375961065292 0.11529134958982468 0.00015368813183158636  
    0.10891137272119522 2.287750244140625 
  BRSP = 246079.234375 -389229.65625 70893.28125 1858204.0 -567046.5  
    45635.1484375 252555.71875 -57044.5625 -232532.78125 1781278.75  
    -535776.875 47331.140625 
  PLASMA = 501650.15625 
  ISHOT = 70754 
  ITIME = 6000.0 
/

