   0.2455522156634835        3.7691028701059143E-003   3.3575491564666222E-003 
   6.8598431608559871E-002   1.1182519461237401E-003   1.3528838767179012E-003 
   1.1179901816417847E-004   2.1996424911650869E-005   4.7827405000040729E-004 
   5.2439643611046794E-004   2.1468818715394717E-004   5.6275280036900766E-003 
   0.1105838107034537        4.6957262659040305E-003   5.3908549992110553E-002 
   9.2569384096675093E-003   1.4282537792661106E-004   0.1531452054932466      
   1.5757443994410834E-002   2.3619123140780483E-004   2.6772643330913365E-002 
   3.3854772532558178E-003   1.6357482852835135E-002   7.8597908263382237E-003 
   2.2229222175480803E-002   6.4196495080410601E-003   9.0355978875942457E-003 
   2.6119715514336752E-002   2.6364325506556250E-003   9.7931036030988634E-003 
   8.5571681113955259E-002   1.2227072107618575E-004   2.5985094128137967E-003 
   2.5611597657017955E-004   1.8560076957499491E-002   4.5859750266210836E-002 
   0.2050687194705628        0.5210934341885836         1.060499961498129      
   0.1880964344002166         2.523072744720857        0.3593158999725800      
   0.1455653093435523        0.2957593796062404        4.8588175863724398E-003 
   1.5785999753276023E-002   9.6629970416731478E-002   4.3685823855497373E-003 
   2.1914942066309211E-003   0.1373236692351570         1.116417066383766      
   0.1332136759324115         1.064483500139619        0.3603978522243073      
    6.518805410597891         1.328956077519681        5.3386059935493876E-002 
   2.8271242013577229E-003   9.8383991685004404E-003    0.000000000000000      
    0.000000000000000        0.2529600048248642        1.3848243242517706E-003 
    1.298256556124177         0.000000000000000         1.227254856626563      
    0.000000000000000         19.43873350610388         4.391882987873331      
    0.000000000000000         0.000000000000000        0.1871524606517841      
    0.000000000000000         0.000000000000000         0.000000000000000      
    0.000000000000000         0.000000000000000         0.000000000000000      
    0.000000000000000         0.000000000000000         0.000000000000000      
    0.000000000000000         0.000000000000000         0.000000000000000      
    0.000000000000000         0.000000000000000         0.000000000000000      
    0.000000000000000         0.000000000000000         0.000000000000000      
    0.000000000000000         0.000000000000000         0.000000000000000      
    0.000000000000000         0.000000000000000         0.000000000000000      
    0.000000000000000         0.000000000000000         0.000000000000000      
    0.000000000000000         0.000000000000000         0.000000000000000      
    0.000000000000000         0.000000000000000         0.000000000000000      
    0.000000000000000         0.000000000000000         0.000000000000000      
    0.000000000000000         0.000000000000000         0.000000000000000      
    0.000000000000000         0.000000000000000         0.000000000000000      
    0.000000000000000         0.000000000000000         0.000000000000000      
    0.000000000000000         0.000000000000000         0.000000000000000      
    0.000000000000000         0.000000000000000         0.000000000000000     
