 vcurrt=    0.000000000000000         0.000000000000000      
    0.000000000000000         0.000000000000000         0.000000000000000      
    0.000000000000000         0.000000000000000         0.000000000000000      
    0.000000000000000         0.000000000000000         0.000000000000000      
    0.000000000000000         0.000000000000000         0.000000000000000      
    0.000000000000000         0.000000000000000         0.000000000000000      
    0.000000000000000         0.000000000000000         0.000000000000000      
    0.000000000000000         0.000000000000000         0.000000000000000      
    0.000000000000000         0.000000000000000         0.000000000000000      
    0.000000000000000         0.000000000000000         0.000000000000000      
    0.000000000000000         0.000000000000000         0.000000000000000      
    0.000000000000000         0.000000000000000         0.000000000000000      
    0.000000000000000         0.000000000000000         0.000000000000000      
    0.000000000000000         0.000000000000000     
 plasma current=    182400.2823622262         1027435.387172191      
    1435668.129402045         1226805.557242910         1064269.579986717      
    97323.91193909134        -49202.38915702490         935652.9492244861      
    1312746.764702453         1384061.032468327         1071872.896463071      
    52841.53413976476        -28059.88056268505     
 vcurrt=    0.000000000000000         0.000000000000000      
    0.000000000000000         0.000000000000000         0.000000000000000      
    0.000000000000000         0.000000000000000         0.000000000000000      
    0.000000000000000         0.000000000000000         0.000000000000000      
    0.000000000000000         0.000000000000000         0.000000000000000      
    0.000000000000000         0.000000000000000         0.000000000000000      
    0.000000000000000         0.000000000000000         0.000000000000000      
    0.000000000000000         0.000000000000000         0.000000000000000      
    0.000000000000000         0.000000000000000         0.000000000000000      
    0.000000000000000         0.000000000000000         0.000000000000000      
    0.000000000000000         0.000000000000000         0.000000000000000      
    0.000000000000000         0.000000000000000         0.000000000000000      
    0.000000000000000         0.000000000000000         0.000000000000000      
    0.000000000000000         0.000000000000000         0.000000000000000     
 nniter=            1            8    8.696295216162628      
    0.000000000000000         100.0000000000000        1.0000000000000000E-003 
    0.000000000000000        1.0000000000000000E-003
 vcurrt=    0.000000000000000         0.000000000000000      
    0.000000000000000         0.000000000000000         0.000000000000000      
    0.000000000000000         0.000000000000000         0.000000000000000      
    0.000000000000000         0.000000000000000         0.000000000000000      
    0.000000000000000         0.000000000000000         0.000000000000000      
    0.000000000000000         0.000000000000000         0.000000000000000      
    0.000000000000000         0.000000000000000         0.000000000000000      
    0.000000000000000         0.000000000000000         0.000000000000000      
    0.000000000000000         0.000000000000000         0.000000000000000      
    0.000000000000000         0.000000000000000         0.000000000000000      
    0.000000000000000         0.000000000000000         0.000000000000000      
    0.000000000000000         0.000000000000000         0.000000000000000      
    0.000000000000000         0.000000000000000         0.000000000000000      
    0.000000000000000         0.000000000000000         0.000000000000000     
 nniter=            2            8    9.304133696222708      
    8.696295216162628         100.0000000000000        1.0000000000000000E-003 
    0.000000000000000        1.0000000000000000E-003
 vcurrt=    0.000000000000000         0.000000000000000      
    0.000000000000000         0.000000000000000         0.000000000000000      
    0.000000000000000         0.000000000000000         0.000000000000000      
    0.000000000000000         0.000000000000000         0.000000000000000      
    0.000000000000000         0.000000000000000         0.000000000000000      
    0.000000000000000         0.000000000000000         0.000000000000000      
    0.000000000000000         0.000000000000000         0.000000000000000      
    0.000000000000000         0.000000000000000         0.000000000000000      
    0.000000000000000         0.000000000000000         0.000000000000000      
    0.000000000000000         0.000000000000000         0.000000000000000      
    0.000000000000000         0.000000000000000         0.000000000000000      
    0.000000000000000         0.000000000000000         0.000000000000000      
    0.000000000000000         0.000000000000000         0.000000000000000      
    0.000000000000000         0.000000000000000         0.000000000000000     
 nniter=            3            8    10.18384418192360      
    9.304133696222708         100.0000000000000        1.0000000000000000E-003 
    0.000000000000000        1.0000000000000000E-003
 vcurrt=    0.000000000000000         0.000000000000000      
    0.000000000000000         0.000000000000000         0.000000000000000      
    0.000000000000000         0.000000000000000         0.000000000000000      
    0.000000000000000         0.000000000000000         0.000000000000000      
    0.000000000000000         0.000000000000000         0.000000000000000      
    0.000000000000000         0.000000000000000         0.000000000000000      
    0.000000000000000         0.000000000000000         0.000000000000000      
    0.000000000000000         0.000000000000000         0.000000000000000      
    0.000000000000000         0.000000000000000         0.000000000000000      
    0.000000000000000         0.000000000000000         0.000000000000000      
    0.000000000000000         0.000000000000000         0.000000000000000      
    0.000000000000000         0.000000000000000         0.000000000000000      
    0.000000000000000         0.000000000000000         0.000000000000000      
    0.000000000000000         0.000000000000000         0.000000000000000     
 nniter=            4            8    11.13861247321239      
    10.18384418192360         100.0000000000000        1.0000000000000000E-003 
    0.000000000000000        1.0000000000000000E-003
 vcurrt=    0.000000000000000         0.000000000000000      
    0.000000000000000         0.000000000000000         0.000000000000000      
    0.000000000000000         0.000000000000000         0.000000000000000      
    0.000000000000000         0.000000000000000         0.000000000000000      
    0.000000000000000         0.000000000000000         0.000000000000000      
    0.000000000000000         0.000000000000000         0.000000000000000      
    0.000000000000000         0.000000000000000         0.000000000000000      
    0.000000000000000         0.000000000000000         0.000000000000000      
    0.000000000000000         0.000000000000000         0.000000000000000      
    0.000000000000000         0.000000000000000         0.000000000000000      
    0.000000000000000         0.000000000000000         0.000000000000000      
    0.000000000000000         0.000000000000000         0.000000000000000      
    0.000000000000000         0.000000000000000         0.000000000000000      
    0.000000000000000         0.000000000000000         0.000000000000000     
 nniter=            5            8    11.87617811837342      
    11.13861247321239         100.0000000000000        1.0000000000000000E-003 
    0.000000000000000        1.0000000000000000E-003
 vcurrt=    0.000000000000000         0.000000000000000      
    0.000000000000000         0.000000000000000         0.000000000000000      
    0.000000000000000         0.000000000000000         0.000000000000000      
    0.000000000000000         0.000000000000000         0.000000000000000      
    0.000000000000000         0.000000000000000         0.000000000000000      
    0.000000000000000         0.000000000000000         0.000000000000000      
    0.000000000000000         0.000000000000000         0.000000000000000      
    0.000000000000000         0.000000000000000         0.000000000000000      
    0.000000000000000         0.000000000000000         0.000000000000000      
    0.000000000000000         0.000000000000000         0.000000000000000      
    0.000000000000000         0.000000000000000         0.000000000000000      
    0.000000000000000         0.000000000000000         0.000000000000000      
    0.000000000000000         0.000000000000000         0.000000000000000      
    0.000000000000000         0.000000000000000         0.000000000000000     
 nniter=            6            8    12.33070972985468      
    11.87617811837342         100.0000000000000        1.0000000000000000E-003 
    0.000000000000000        1.0000000000000000E-003
 vcurrt=    0.000000000000000         0.000000000000000      
    0.000000000000000         0.000000000000000         0.000000000000000      
    0.000000000000000         0.000000000000000         0.000000000000000      
    0.000000000000000         0.000000000000000         0.000000000000000      
    0.000000000000000         0.000000000000000         0.000000000000000      
    0.000000000000000         0.000000000000000         0.000000000000000      
    0.000000000000000         0.000000000000000         0.000000000000000      
    0.000000000000000         0.000000000000000         0.000000000000000      
    0.000000000000000         0.000000000000000         0.000000000000000      
    0.000000000000000         0.000000000000000         0.000000000000000      
    0.000000000000000         0.000000000000000         0.000000000000000      
    0.000000000000000         0.000000000000000         0.000000000000000      
    0.000000000000000         0.000000000000000         0.000000000000000      
    0.000000000000000         0.000000000000000         0.000000000000000     
 nniter=            7            8    12.60626252545668      
    12.33070972985468         100.0000000000000        1.0000000000000000E-003 
    0.000000000000000        1.0000000000000000E-003
 vcurrt=    0.000000000000000         0.000000000000000      
    0.000000000000000         0.000000000000000         0.000000000000000      
    0.000000000000000         0.000000000000000         0.000000000000000      
    0.000000000000000         0.000000000000000         0.000000000000000      
    0.000000000000000         0.000000000000000         0.000000000000000      
    0.000000000000000         0.000000000000000         0.000000000000000      
    0.000000000000000         0.000000000000000         0.000000000000000      
    0.000000000000000         0.000000000000000         0.000000000000000      
    0.000000000000000         0.000000000000000         0.000000000000000      
    0.000000000000000         0.000000000000000         0.000000000000000      
    0.000000000000000         0.000000000000000         0.000000000000000      
    0.000000000000000         0.000000000000000         0.000000000000000      
    0.000000000000000         0.000000000000000         0.000000000000000      
    0.000000000000000         0.000000000000000         0.000000000000000     
 nniter=            8            8    12.79958024242674      
    12.60626252545668         100.0000000000000        1.0000000000000000E-003 
    0.000000000000000        1.0000000000000000E-003
 vcurrt=    0.000000000000000         0.000000000000000      
    0.000000000000000         0.000000000000000         0.000000000000000      
    0.000000000000000         0.000000000000000         0.000000000000000      
    0.000000000000000         0.000000000000000         0.000000000000000      
    0.000000000000000         0.000000000000000         0.000000000000000      
    0.000000000000000         0.000000000000000         0.000000000000000      
    0.000000000000000         0.000000000000000         0.000000000000000      
    0.000000000000000         0.000000000000000         0.000000000000000      
    0.000000000000000         0.000000000000000         0.000000000000000      
    0.000000000000000         0.000000000000000         0.000000000000000      
    0.000000000000000         0.000000000000000         0.000000000000000      
    0.000000000000000         0.000000000000000         0.000000000000000      
    0.000000000000000         0.000000000000000         0.000000000000000      
    0.000000000000000         0.000000000000000         0.000000000000000     
 nniter=            9            8    12.94105116859076      
    12.79958024242674         100.0000000000000        1.0000000000000000E-003 
    0.000000000000000        1.0000000000000000E-003
 vcurrt=    0.000000000000000         0.000000000000000      
    0.000000000000000         0.000000000000000         0.000000000000000      
    0.000000000000000         0.000000000000000         0.000000000000000      
    0.000000000000000         0.000000000000000         0.000000000000000      
    0.000000000000000         0.000000000000000         0.000000000000000      
    0.000000000000000         0.000000000000000         0.000000000000000      
    0.000000000000000         0.000000000000000         0.000000000000000      
    0.000000000000000         0.000000000000000         0.000000000000000      
    0.000000000000000         0.000000000000000         0.000000000000000      
    0.000000000000000         0.000000000000000         0.000000000000000      
    0.000000000000000         0.000000000000000         0.000000000000000      
    0.000000000000000         0.000000000000000         0.000000000000000      
    0.000000000000000         0.000000000000000         0.000000000000000      
    0.000000000000000         0.000000000000000         0.000000000000000     
 nniter=           10            8    13.05580047228043      
    12.94105116859076         100.0000000000000        1.0000000000000000E-003 
    0.000000000000000        1.0000000000000000E-003
 vcurrt=    0.000000000000000         0.000000000000000      
    0.000000000000000         0.000000000000000         0.000000000000000      
    0.000000000000000         0.000000000000000         0.000000000000000      
    0.000000000000000         0.000000000000000         0.000000000000000      
    0.000000000000000         0.000000000000000         0.000000000000000      
    0.000000000000000         0.000000000000000         0.000000000000000      
    0.000000000000000         0.000000000000000         0.000000000000000      
    0.000000000000000         0.000000000000000         0.000000000000000      
    0.000000000000000         0.000000000000000         0.000000000000000      
    0.000000000000000         0.000000000000000         0.000000000000000      
    0.000000000000000         0.000000000000000         0.000000000000000      
    0.000000000000000         0.000000000000000         0.000000000000000      
    0.000000000000000         0.000000000000000         0.000000000000000      
    0.000000000000000         0.000000000000000         0.000000000000000     
 nniter=           11            8    13.15023697360706      
    13.05580047228043         100.0000000000000        1.0000000000000000E-003 
    0.000000000000000        1.0000000000000000E-003
 vcurrt=    0.000000000000000         0.000000000000000      
    0.000000000000000         0.000000000000000         0.000000000000000      
    0.000000000000000         0.000000000000000         0.000000000000000      
    0.000000000000000         0.000000000000000         0.000000000000000      
    0.000000000000000         0.000000000000000         0.000000000000000      
    0.000000000000000         0.000000000000000         0.000000000000000      
    0.000000000000000         0.000000000000000         0.000000000000000      
    0.000000000000000         0.000000000000000         0.000000000000000      
    0.000000000000000         0.000000000000000         0.000000000000000      
    0.000000000000000         0.000000000000000         0.000000000000000      
    0.000000000000000         0.000000000000000         0.000000000000000      
    0.000000000000000         0.000000000000000         0.000000000000000      
    0.000000000000000         0.000000000000000         0.000000000000000      
    0.000000000000000         0.000000000000000         0.000000000000000     
 nniter=           12            8    13.23522940380243      
    13.15023697360706         100.0000000000000        1.0000000000000000E-003 
    0.000000000000000        1.0000000000000000E-003
 vcurrt=    0.000000000000000         0.000000000000000      
    0.000000000000000         0.000000000000000         0.000000000000000      
    0.000000000000000         0.000000000000000         0.000000000000000      
    0.000000000000000         0.000000000000000         0.000000000000000      
    0.000000000000000         0.000000000000000         0.000000000000000      
    0.000000000000000         0.000000000000000         0.000000000000000      
    0.000000000000000         0.000000000000000         0.000000000000000      
    0.000000000000000         0.000000000000000         0.000000000000000      
    0.000000000000000         0.000000000000000         0.000000000000000      
    0.000000000000000         0.000000000000000         0.000000000000000      
    0.000000000000000         0.000000000000000         0.000000000000000      
    0.000000000000000         0.000000000000000         0.000000000000000      
    0.000000000000000         0.000000000000000         0.000000000000000      
    0.000000000000000         0.000000000000000         0.000000000000000     
 nniter=           13            8    1798.536117988236      
    13.23522940380243         100.0000000000000        1.0000000000000000E-003 
    0.000000000000000        1.0000000000000000E-003
 vcurrt=    0.000000000000000         0.000000000000000      
    0.000000000000000         0.000000000000000         0.000000000000000      
    0.000000000000000         0.000000000000000         0.000000000000000      
    0.000000000000000         0.000000000000000         0.000000000000000      
    0.000000000000000         0.000000000000000         0.000000000000000      
    0.000000000000000         0.000000000000000         0.000000000000000      
    0.000000000000000         0.000000000000000         0.000000000000000      
    0.000000000000000         0.000000000000000         0.000000000000000      
    0.000000000000000         0.000000000000000         0.000000000000000      
    0.000000000000000         0.000000000000000         0.000000000000000      
    0.000000000000000         0.000000000000000         0.000000000000000      
    0.000000000000000         0.000000000000000         0.000000000000000      
    0.000000000000000         0.000000000000000         0.000000000000000      
    0.000000000000000         0.000000000000000         0.000000000000000     
 nniter=           14            8    133.7065360121765      
    1798.536117988236         100.0000000000000        1.0000000000000000E-003 
    0.000000000000000        1.0000000000000000E-003
 vcurrt=    0.000000000000000         0.000000000000000      
    0.000000000000000         0.000000000000000         0.000000000000000      
    0.000000000000000         0.000000000000000         0.000000000000000      
    0.000000000000000         0.000000000000000         0.000000000000000      
    0.000000000000000         0.000000000000000         0.000000000000000      
    0.000000000000000         0.000000000000000         0.000000000000000      
    0.000000000000000         0.000000000000000         0.000000000000000      
    0.000000000000000         0.000000000000000         0.000000000000000      
    0.000000000000000         0.000000000000000         0.000000000000000      
    0.000000000000000         0.000000000000000         0.000000000000000      
    0.000000000000000         0.000000000000000         0.000000000000000      
    0.000000000000000         0.000000000000000         0.000000000000000      
    0.000000000000000         0.000000000000000         0.000000000000000      
    0.000000000000000         0.000000000000000         0.000000000000000     
 nniter=           15            8    1125.045915560342      
    133.7065360121765         100.0000000000000        1.0000000000000000E-003 
    0.000000000000000        1.0000000000000000E-003
 vcurrt=    0.000000000000000         0.000000000000000      
    0.000000000000000         0.000000000000000         0.000000000000000      
    0.000000000000000         0.000000000000000         0.000000000000000      
    0.000000000000000         0.000000000000000         0.000000000000000      
    0.000000000000000         0.000000000000000         0.000000000000000      
    0.000000000000000         0.000000000000000         0.000000000000000      
    0.000000000000000         0.000000000000000         0.000000000000000      
    0.000000000000000         0.000000000000000         0.000000000000000      
    0.000000000000000         0.000000000000000         0.000000000000000      
    0.000000000000000         0.000000000000000         0.000000000000000      
    0.000000000000000         0.000000000000000         0.000000000000000      
    0.000000000000000         0.000000000000000         0.000000000000000      
    0.000000000000000         0.000000000000000         0.000000000000000      
    0.000000000000000         0.000000000000000         0.000000000000000     
 nniter=           16            8    13.72525810734824      
    1125.045915560342         100.0000000000000        1.0000000000000000E-003 
    0.000000000000000        1.0000000000000000E-003
 vcurrt=    0.000000000000000         0.000000000000000      
    0.000000000000000         0.000000000000000         0.000000000000000      
    0.000000000000000         0.000000000000000         0.000000000000000      
    0.000000000000000         0.000000000000000         0.000000000000000      
    0.000000000000000         0.000000000000000         0.000000000000000      
    0.000000000000000         0.000000000000000         0.000000000000000      
    0.000000000000000         0.000000000000000         0.000000000000000      
    0.000000000000000         0.000000000000000         0.000000000000000      
    0.000000000000000         0.000000000000000         0.000000000000000      
    0.000000000000000         0.000000000000000         0.000000000000000      
    0.000000000000000         0.000000000000000         0.000000000000000      
    0.000000000000000         0.000000000000000         0.000000000000000      
    0.000000000000000         0.000000000000000         0.000000000000000      
    0.000000000000000         0.000000000000000         0.000000000000000     
 nniter=           17            8    755.8207912048351      
    13.72525810734824         100.0000000000000        1.0000000000000000E-003 
    0.000000000000000        1.0000000000000000E-003
 vcurrt=    0.000000000000000         0.000000000000000      
    0.000000000000000         0.000000000000000         0.000000000000000      
    0.000000000000000         0.000000000000000         0.000000000000000      
    0.000000000000000         0.000000000000000         0.000000000000000      
    0.000000000000000         0.000000000000000         0.000000000000000      
    0.000000000000000         0.000000000000000         0.000000000000000      
    0.000000000000000         0.000000000000000         0.000000000000000      
    0.000000000000000         0.000000000000000         0.000000000000000      
    0.000000000000000         0.000000000000000         0.000000000000000      
    0.000000000000000         0.000000000000000         0.000000000000000      
    0.000000000000000         0.000000000000000         0.000000000000000      
    0.000000000000000         0.000000000000000         0.000000000000000      
    0.000000000000000         0.000000000000000         0.000000000000000      
    0.000000000000000         0.000000000000000         0.000000000000000     
 nniter=           18            8    282.5164778295511      
    755.8207912048351         100.0000000000000        1.0000000000000000E-003 
    0.000000000000000        1.0000000000000000E-003
 vcurrt=    0.000000000000000         0.000000000000000      
    0.000000000000000         0.000000000000000         0.000000000000000      
    0.000000000000000         0.000000000000000         0.000000000000000      
    0.000000000000000         0.000000000000000         0.000000000000000      
    0.000000000000000         0.000000000000000         0.000000000000000      
    0.000000000000000         0.000000000000000         0.000000000000000      
    0.000000000000000         0.000000000000000         0.000000000000000      
    0.000000000000000         0.000000000000000         0.000000000000000      
    0.000000000000000         0.000000000000000         0.000000000000000      
    0.000000000000000         0.000000000000000         0.000000000000000      
    0.000000000000000         0.000000000000000         0.000000000000000      
    0.000000000000000         0.000000000000000         0.000000000000000      
    0.000000000000000         0.000000000000000         0.000000000000000      
    0.000000000000000         0.000000000000000         0.000000000000000     
 nniter=           19            8    61.51351781735847      
    282.5164778295511         100.0000000000000        1.0000000000000000E-003 
    0.000000000000000        1.0000000000000000E-003
 vcurrt=    0.000000000000000         0.000000000000000      
    0.000000000000000         0.000000000000000         0.000000000000000      
    0.000000000000000         0.000000000000000         0.000000000000000      
    0.000000000000000         0.000000000000000         0.000000000000000      
    0.000000000000000         0.000000000000000         0.000000000000000      
    0.000000000000000         0.000000000000000         0.000000000000000      
    0.000000000000000         0.000000000000000         0.000000000000000      
    0.000000000000000         0.000000000000000         0.000000000000000      
    0.000000000000000         0.000000000000000         0.000000000000000      
    0.000000000000000         0.000000000000000         0.000000000000000      
    0.000000000000000         0.000000000000000         0.000000000000000      
    0.000000000000000         0.000000000000000         0.000000000000000      
    0.000000000000000         0.000000000000000         0.000000000000000      
    0.000000000000000         0.000000000000000         0.000000000000000     
 nniter=           20            8    16.88474100997265      
    61.51351781735847         100.0000000000000        1.0000000000000000E-003 
    0.000000000000000        1.0000000000000000E-003
 vcurrt=    0.000000000000000         0.000000000000000      
    0.000000000000000         0.000000000000000         0.000000000000000      
    0.000000000000000         0.000000000000000         0.000000000000000      
    0.000000000000000         0.000000000000000         0.000000000000000      
    0.000000000000000         0.000000000000000         0.000000000000000      
    0.000000000000000         0.000000000000000         0.000000000000000      
    0.000000000000000         0.000000000000000         0.000000000000000      
    0.000000000000000         0.000000000000000         0.000000000000000      
    0.000000000000000         0.000000000000000         0.000000000000000      
    0.000000000000000         0.000000000000000         0.000000000000000      
    0.000000000000000         0.000000000000000         0.000000000000000      
    0.000000000000000         0.000000000000000         0.000000000000000      
    0.000000000000000         0.000000000000000         0.000000000000000      
    0.000000000000000         0.000000000000000         0.000000000000000     
 nniter=           21            8    25.11416501282844      
    16.88474100997265         100.0000000000000        1.0000000000000000E-003 
    0.000000000000000        1.0000000000000000E-003
 vcurrt=    0.000000000000000         0.000000000000000      
    0.000000000000000         0.000000000000000         0.000000000000000      
    0.000000000000000         0.000000000000000         0.000000000000000      
    0.000000000000000         0.000000000000000         0.000000000000000      
    0.000000000000000         0.000000000000000         0.000000000000000      
    0.000000000000000         0.000000000000000         0.000000000000000      
    0.000000000000000         0.000000000000000         0.000000000000000      
    0.000000000000000         0.000000000000000         0.000000000000000      
    0.000000000000000         0.000000000000000         0.000000000000000      
    0.000000000000000         0.000000000000000         0.000000000000000      
    0.000000000000000         0.000000000000000         0.000000000000000      
    0.000000000000000         0.000000000000000         0.000000000000000      
    0.000000000000000         0.000000000000000         0.000000000000000      
    0.000000000000000         0.000000000000000         0.000000000000000     
 nniter=           22            8    34.98809867157433      
    25.11416501282844         100.0000000000000        1.0000000000000000E-003 
    0.000000000000000        1.0000000000000000E-003
 vcurrt=    0.000000000000000         0.000000000000000      
    0.000000000000000         0.000000000000000         0.000000000000000      
    0.000000000000000         0.000000000000000         0.000000000000000      
    0.000000000000000         0.000000000000000         0.000000000000000      
    0.000000000000000         0.000000000000000         0.000000000000000      
    0.000000000000000         0.000000000000000         0.000000000000000      
    0.000000000000000         0.000000000000000         0.000000000000000      
    0.000000000000000         0.000000000000000         0.000000000000000      
    0.000000000000000         0.000000000000000         0.000000000000000      
    0.000000000000000         0.000000000000000         0.000000000000000      
    0.000000000000000         0.000000000000000         0.000000000000000      
    0.000000000000000         0.000000000000000         0.000000000000000      
    0.000000000000000         0.000000000000000         0.000000000000000      
    0.000000000000000         0.000000000000000         0.000000000000000     
 nniter=           23            8    39.98218020424463      
    34.98809867157433         100.0000000000000        1.0000000000000000E-003 
    0.000000000000000        1.0000000000000000E-003
 vcurrt=    0.000000000000000         0.000000000000000      
    0.000000000000000         0.000000000000000         0.000000000000000      
    0.000000000000000         0.000000000000000         0.000000000000000      
    0.000000000000000         0.000000000000000         0.000000000000000      
    0.000000000000000         0.000000000000000         0.000000000000000      
    0.000000000000000         0.000000000000000         0.000000000000000      
    0.000000000000000         0.000000000000000         0.000000000000000      
    0.000000000000000         0.000000000000000         0.000000000000000      
    0.000000000000000         0.000000000000000         0.000000000000000      
    0.000000000000000         0.000000000000000         0.000000000000000      
    0.000000000000000         0.000000000000000         0.000000000000000      
    0.000000000000000         0.000000000000000         0.000000000000000      
    0.000000000000000         0.000000000000000         0.000000000000000      
    0.000000000000000         0.000000000000000         0.000000000000000     
 nniter=           24            8    42.95026796629352      
    39.98218020424463         100.0000000000000        1.0000000000000000E-003 
    0.000000000000000        1.0000000000000000E-003
 vcurrt=    0.000000000000000         0.000000000000000      
    0.000000000000000         0.000000000000000         0.000000000000000      
    0.000000000000000         0.000000000000000         0.000000000000000      
    0.000000000000000         0.000000000000000         0.000000000000000      
    0.000000000000000         0.000000000000000         0.000000000000000      
    0.000000000000000         0.000000000000000         0.000000000000000      
    0.000000000000000         0.000000000000000         0.000000000000000      
    0.000000000000000         0.000000000000000         0.000000000000000      
    0.000000000000000         0.000000000000000         0.000000000000000      
    0.000000000000000         0.000000000000000         0.000000000000000      
    0.000000000000000         0.000000000000000         0.000000000000000      
    0.000000000000000         0.000000000000000         0.000000000000000      
    0.000000000000000         0.000000000000000         0.000000000000000      
    0.000000000000000         0.000000000000000         0.000000000000000     
 nniter=           25            8    44.37435509085277      
    42.95026796629352         100.0000000000000        1.0000000000000000E-003 
    0.000000000000000        1.0000000000000000E-003
 vcurrt=    0.000000000000000         0.000000000000000      
    0.000000000000000         0.000000000000000         0.000000000000000      
    0.000000000000000         0.000000000000000         0.000000000000000      
    0.000000000000000         0.000000000000000         0.000000000000000      
    0.000000000000000         0.000000000000000         0.000000000000000      
    0.000000000000000         0.000000000000000         0.000000000000000      
    0.000000000000000         0.000000000000000         0.000000000000000      
    0.000000000000000         0.000000000000000         0.000000000000000      
    0.000000000000000         0.000000000000000         0.000000000000000      
    0.000000000000000         0.000000000000000         0.000000000000000      
    0.000000000000000         0.000000000000000         0.000000000000000      
    0.000000000000000         0.000000000000000         0.000000000000000      
    0.000000000000000         0.000000000000000         0.000000000000000      
    0.000000000000000         0.000000000000000         0.000000000000000     
 nniter=           26            8    45.40535637291023      
    44.37435509085277         100.0000000000000        1.0000000000000000E-003 
    0.000000000000000        1.0000000000000000E-003
 vcurrt=    0.000000000000000         0.000000000000000      
    0.000000000000000         0.000000000000000         0.000000000000000      
    0.000000000000000         0.000000000000000         0.000000000000000      
    0.000000000000000         0.000000000000000         0.000000000000000      
    0.000000000000000         0.000000000000000         0.000000000000000      
    0.000000000000000         0.000000000000000         0.000000000000000      
    0.000000000000000         0.000000000000000         0.000000000000000      
    0.000000000000000         0.000000000000000         0.000000000000000      
    0.000000000000000         0.000000000000000         0.000000000000000      
    0.000000000000000         0.000000000000000         0.000000000000000      
    0.000000000000000         0.000000000000000         0.000000000000000      
    0.000000000000000         0.000000000000000         0.000000000000000      
    0.000000000000000         0.000000000000000         0.000000000000000      
    0.000000000000000         0.000000000000000         0.000000000000000     
 nniter=           27            8    45.64202222611222      
    45.40535637291023         100.0000000000000        1.0000000000000000E-003 
    0.000000000000000        1.0000000000000000E-003
 vcurrt=    0.000000000000000         0.000000000000000      
    0.000000000000000         0.000000000000000         0.000000000000000      
    0.000000000000000         0.000000000000000         0.000000000000000      
    0.000000000000000         0.000000000000000         0.000000000000000      
    0.000000000000000         0.000000000000000         0.000000000000000      
    0.000000000000000         0.000000000000000         0.000000000000000      
    0.000000000000000         0.000000000000000         0.000000000000000      
    0.000000000000000         0.000000000000000         0.000000000000000      
    0.000000000000000         0.000000000000000         0.000000000000000      
    0.000000000000000         0.000000000000000         0.000000000000000      
    0.000000000000000         0.000000000000000         0.000000000000000      
    0.000000000000000         0.000000000000000         0.000000000000000      
    0.000000000000000         0.000000000000000         0.000000000000000      
    0.000000000000000         0.000000000000000         0.000000000000000     
 nniter=           28            8    46.10062577475260      
    45.64202222611222         100.0000000000000        1.0000000000000000E-003 
    0.000000000000000        1.0000000000000000E-003
 vcurrt=    0.000000000000000         0.000000000000000      
    0.000000000000000         0.000000000000000         0.000000000000000      
    0.000000000000000         0.000000000000000         0.000000000000000      
    0.000000000000000         0.000000000000000         0.000000000000000      
    0.000000000000000         0.000000000000000         0.000000000000000      
    0.000000000000000         0.000000000000000         0.000000000000000      
    0.000000000000000         0.000000000000000         0.000000000000000      
    0.000000000000000         0.000000000000000         0.000000000000000      
    0.000000000000000         0.000000000000000         0.000000000000000      
    0.000000000000000         0.000000000000000         0.000000000000000      
    0.000000000000000         0.000000000000000         0.000000000000000      
    0.000000000000000         0.000000000000000         0.000000000000000      
    0.000000000000000         0.000000000000000         0.000000000000000      
    0.000000000000000         0.000000000000000         0.000000000000000     
 nniter=           29            8    45.57245095820719      
    46.10062577475260         100.0000000000000        1.0000000000000000E-003 
    0.000000000000000        1.0000000000000000E-003
 plasma current=    170632.8526863690         1162104.306949461      
    1208074.149535177         1369967.280404584         1080846.736602979      
    52258.38169271350        -16083.76390877669         1042995.756104431      
    1225742.313505086         1360133.311447608         1085259.996814268      
    30132.19316456988        -9208.425082614685     
