    32.37460938889717     
    32.37460938889717     
    32.40270234631719     
    33.05829603582826     
    32.61643581727738     
    32.76410005163986     
    33.01413077003426     
    33.10213269161861     
    33.24199347786764     
    33.28469203778901     
    33.26144404639825     
    33.26491614807549     
    33.66247500292187     
    34.56012174292266     
    34.45297791128248     
    34.79964837429466     
    35.08054716868359     
    33.13028048950631     
    32.86475026860997     
    32.84499119950095     
    33.19178797892481     
    33.00491875006819     
    33.58573694569199     
    33.30070175594112     
    33.33218783186012     
    33.40190153612966     
    33.25303132987293     
    33.13300256849390     
    34.79392823258541     
    34.77650371397699     
    34.76795615594077     
    35.32960547738329     
    35.51768471940104     
    34.54128031616590     
    34.37356616162109     
    237.6665661837330     
    296.2492257329712     
    443.8134810427991     
    915.7022309262624     
    1030.206509397029     
    1780.653167388448     
    2163.720447743936     
    733.3111388316446     
    559.7696560056291     
    515.3436597998759     
    491.3575590369418     
    479.8282992117168     
    468.7226259098362     
    463.5046467519279     
    286.9080315392609     
    396.0583841754876     
    622.8829217755114     
    899.7375846572713     
    2192.722772702789     
    7782.127429548658     
    620.8374975268496     
    497.0554064875666     
    477.2233338184641     
    463.4730725120613     
    0.000000000000000     
    0.000000000000000     
    709.1999562203700     
    662.8331483643954     
    1705.114845453825     
    0.000000000000000     
    2463.525976462380     
    0.000000000000000     
    12043.30479711054     
    2009.719995100202     
    0.000000000000000     
    0.000000000000000     
    515.5212679680004     
    0.000000000000000     
    0.000000000000000     
    0.000000000000000     
    0.000000000000000     
    0.000000000000000     
    0.000000000000000     
    0.000000000000000     
    0.000000000000000     
    0.000000000000000     
    0.000000000000000     
    0.000000000000000     
    0.000000000000000     
    0.000000000000000     
    0.000000000000000     
    0.000000000000000     
    0.000000000000000     
    0.000000000000000     
    0.000000000000000     
    0.000000000000000     
    0.000000000000000     
    0.000000000000000     
    0.000000000000000     
    0.000000000000000     
    0.000000000000000     
    0.000000000000000     
    0.000000000000000     
    0.000000000000000     
    0.000000000000000     
    0.000000000000000     
    0.000000000000000     
    0.000000000000000     
    0.000000000000000     
    0.000000000000000     
    0.000000000000000     
    0.000000000000000     
    0.000000000000000     
    0.000000000000000     
    0.000000000000000     
    0.000000000000000     
    0.000000000000000     
    0.000000000000000     
    0.000000000000000     
    0.000000000000000     
    0.000000000000000     
    0.000000000000000     
    0.000000000000000     
    0.000000000000000     
    0.000000000000000     
    0.000000000000000     
    0.000000000000000     
    0.000000000000000     
