&in1
 kffcur = 1 ,
 kppcur = 2 ,
 kersil = 1,
 keqdsk = 1,
 fitdelz = T,
 mxiter = -60,
 fwtfc = 0.0, 0.0, 0.0, 0.0, 0.0, 0.0, 0.0, 0.0, 0.0, 0.0, 0.0, 0.0,
 itek = 5 ,
 pcurbd =  1.000000 ,
 fcurbd =  1.000000 ,
 kcalpa = 0,
 calpa = 0.1, 0.1, 0.1,
 xalpa = 0,
 kcgama = 0,
 cgama = 0.1, 0.1, 0.1,
 xgama = 0,
 btor = -1.8013934081737366 
 saimin = 100.000000 ,
 saicon = 100.000000 ,
 cutip = 50000,
 serror = 0.05,
 error = 0.001,
 errmin = 1.00e-03,
 ierchk = 1 ,
 iplcout = 1,
 fwtcur = 1.000000 ,
 fwtsi = 1.0 , 1.0 , 1.0 , 1.0 , 1.0 , 1.0 , 1.0 , 1.0 , 1.0 , 1.0 ,
        1.0 , 1.0 , 1.0 , 1.0 , 1.0 , 1.0 , 1.0 , 1.0 , 1.0 , 1.0 ,
        1.0 , 1.0 , 1.0 , 1.0 , 1.0 , 1.0 , 1.0 , 1.0 , 1.0 , 1.0 ,
        1.0 , 1.0 , 1.0 , 1.0 , 1.0 , 
 fwtmp2 = 1.0 , 1.0 , 1.0 , 1.0 , 1.0 , 1.0 , 1.0 , 1.0 , 1.0 , 1.0 ,
         1.0 , 1.0 , 1.0 , 1.0 , 1.0 , 1.0 , 1.0 , 1.0 , 1.0 , 1.0 ,
         1.0 , 1.0 , 1.0 , 1.0 , 0.0 , 0.0 , 1.0 , 1.0 , 1.0 , 0.0 ,
         1.0 , 0.0 , 1.0 , 1.0 , 0.0 , 0.0 , 1.0 ,0.0,
 limitr = 60
 xlim =     1.35838, 1.35838, 1.35838, 1.36314, 1.43710,
     1.43721, 1.44164, 1.42970, 1.39169, 1.39151,
     1.37929, 1.39900, 1.43623, 1.45919, 1.47791,
     1.54494, 1.61204, 1.63506, 1.66054, 1.66519,
     1.69550, 1.70668, 1.71388, 1.71400, 1.73649,
     1.76324, 1.80199, 1.80237, 1.93972, 1.97063,
     2.07495, 2.17710, 2.27925, 2.35000, 2.35000,
     2.35000, 2.27925, 2.17710, 2.07495, 1.97280,
     1.97063, 1.92059, 1.87055, 1.82051, 1.79281,
     1.76511, 1.75421, 1.67782, 1.60143, 1.48426,
     1.36709, 1.33132, 1.37874, 1.42615, 1.40528,
     1.38440, 1.36353, 1.35838, 1.35838, 1.35838,
 ylim =     0.00000, 0.227000, 0.454000, 0.455735, 0.798332, 
     0.798821, 0.838195, 0.908908, 1.01426, 1.01473,  
     1.04859, 1.03946, 1.02560, 1.02095, 1.02514,  
     1.05454, 1.08394, 1.09586, 1.11400, 1.11765,  
     1.14183, 1.16211, 1.13093, 1.13044, 1.03300,  
     0.969832, 0.925670, 0.925347, 0.809223, 0.783389, 
     0.688380, 0.589040, 0.489700, 0.490000, 0.00000,  
     -0.490000, -0.489700, -0.589040, -0.688380, -0.787720, 
     -0.783389, -0.832375, -0.881361, -0.930347, -1.05034,  
     -1.17034, -1.13917, -1.03465, -0.930138, -0.953380,  
     -0.976622, -1.01072, -0.879327, -0.747939, -0.650620,  
     -0.553300, -0.455981, -0.454000, -0.227000, 0.00000,
 icinit = 2 ,
 scrape =  3.50000001e-02 ,
 ixstrt = 2 ,
 ifcurr = 0 ,
 relax = 0.5
    brsp = 1092292.1029320345, 1102147.5402943739, 1207474.1605018126, 1214668.8479994494,
           1407936.2512269907, 1394212.8330865586, 194935.96342092135, 198487.65314557368,
           903794.0122242718, 920260.9373112961, 36867.1386026846, 29854.024705851978,
           -16512.71862769701, -15511.107477109776, -320.43441968416107,
           -4.605556145153861e-06
    coils = 0.6004124473466714, 0.6177680712607755, 0.6172324698798817,
            0.6049918597838252, 0.613187783976253, 0.6104242133456368, 0.6058011988658287,
            0.604190678175366, 0.6016486349808083, 0.6008768228137265, 0.6012968039541783,
            0.601234042225508, 0.5941333784358998, 0.5787016651379611, 0.5805013445136916,
            0.5747184507408222, 0.5701165350651657, 0.6036773520928927,
            0.6085547535440289, 0.6089208512348112, 0.6025586814635908,
            0.6059702843521976, 0.595490878533942, 0.600587943959224, 0.6000206197351159,
            0.5987683060009832, 0.6014489266135854, 0.6036277563029544,
            0.5748129347829569, 0.5751009406952493, 0.5752423268798507,
            0.5660974621639424, 0.5630997672850921, 0.579017332795266, 0.5818424514338135
    expmp2 = 0.0841515082291322, 0.06751072496650946, 0.04506397586888827,
             0.021841161159746606, 0.019413583410287153, -0.011231833557644757,
             0.009243338260658193, 0.027273552713061474, 0.03572898206507799,
             0.03880905415187726, 0.04070355616223732, 0.04168157658240851,
             0.042669158462700744, 0.04314951347338744, 0.06970874915107829,
             0.050497605401375115, 0.03210876282013083, 0.022228703503164665,
             0.009121080078603665, -0.0025699913270579716, 0.03221454902397394,
             0.04023696300042212, 0.04190909912130995, 0.04315245304672911,
             0.04321719937860383, 0.04474016371322981, 0.028200791362972658,
             0.030173506031422728, 0.011729415208203699, -0.8578491183335004,
             -0.008118444940743014, -0.8468627829905513, 0.001660673738391014,
             -0.009951635077901895, 0.029869839458420273, -3.616335416618044e-05,
             0.03879568359775497, 0.7775878854113213
    ishot = 70754
    itime = 500
    plasma = 182400.28236222634
/
